50 33 0 1
0 -0.00106818 0.000282863,0
1 -0.000132697 0.000658213,0
2 -4.25494e-05 0.000822161,0
3 -5.61812e-05 0.000758302,0
4 6.00756e-05 0.000804354,0
5 0.000464792 0.000617053,0
6 0.000703672 0.000672085,0
7 0.000494268 0.000567247,0
8 0.000149647 0.000526191,0
9 0.000110134 0.000373935,0
10 -0.000322407 0.000145768,0
11 -0.000822711 -1.31163e-05,0
12 -0.00111546 -0.00027858,0
13 -0.00146129 -0.000833996,0
14 -0.00163889 -0.00133214,0
15 -0.00163219 -0.00172119,0
16 -0.00144148 -0.00216761,0
17 -0.00101538 -0.00263349,0
18 -0.000675079 -0.00304989,0
19 -0.000211919 -0.00350121,0
20 0.00030814 -0.00375869,0
21 0.000752079 -0.00384738,0
22 0.00106231 -0.00398786,0
23 0.00111645 -0.00414018,0
24 0.0011664 -0.00405761,0
25 0.00113401 -0.00390962,0
26 0.000738388 -0.00356699,0
27 0.000603593 -0.00319351,0
28 0.00055857 -0.00266685,0
29 0.000489798 -0.00235618,0
30 0.000353221 -0.00220395,0
31 0.000133203 -0.00219463,0
32 0.000897293 -0.000295975,0
0 0.000396734 0.00086336,0
1 0.000443967 0.000496811,0
2 0.000586393 0.000405073,0
3 0.000740698 0.000315661,0
4 0.000864326 0.000139376,0
5 0.000899437 9.06072e-05,0
6 0.000878316 4.00761e-05,0
7 0.000852352 4.18377e-05,0
8 0.000775381 7.97876e-05,0
9 0.000826309 8.15414e-05,0
10 0.00102419 1.48521e-05,0
11 0.00107189 3.98928e-05,0
12 0.00112183 0.000106631,0
13 0.00112089 0.000158043,0
14 0.00113973 0.000108732,0
15 0.00111865 1.53363e-05,0
16 0.0011864 5.00556e-05,0
17 0.00131812 7.71048e-05,0
18 0.00141528 3.28591e-05,0
19 0.00140629 -1.75638e-05,0
20 0.00139787 -5.71029e-05,0
21 0.00137578 -6.31276e-06,0
22 0.00123285 3.53199e-05,0
23 0.00109891 3.94033e-05,0
24 0.000937225 5.6784e-05,0
25 0.00077187 4.47681e-05,0
26 0.000526637 2.35929e-05,0
27 0.000312507 1.48787e-05,0
28 0.000216254 -5.14133e-05,0
29 0.000145349 -0.000203027,0
30 0.000100826 -0.000280533,0
31 9.80156e-05 -0.00024013,0
32 -0.000140614 -8.3224e-05,0
0 0.000972736 0.000189681,0
1 0.000147341 0.000495668,0
2 0.000233258 0.000691862,0
3 0.000244413 0.00079907,0
4 0.000362011 0.000639481,0
5 0.000418738 0.00050177,0
6 0.000644064 0.000445334,0
7 0.000635918 0.000311275,0
8 0.000402994 0.000222718,0
9 0.000226177 2.50349e-05,0
10 -1.29713e-05 -1.11228e-05,0
11 -0.000188945 8.32222e-06,0
12 -6.6418e-05 0.000123226,0
13 -5.59821e-05 -8.60637e-05,0
14 -0.000142336 -5.70618e-05,0
15 -0.000275916 0.000181216,0
16 -0.000404573 1.91273e-05,0
17 -0.000435286 2.78665e-05,0
18 -0.000271639 -1.23404e-05,0
19 -0.000210974 -2.99307e-05,0
20 -0.000240099 -3.88357e-05,0
21 -1.39678e-05 3.80067e-05,0
22 0.000151987 0.000102254,0
23 0.000406857 1.47512e-05,0
24 0.000770955 -0.000154415,0
25 0.000949133 -0.000186385,0
26 0.00112855 0.000151928,0
27 0.00119151 0.000329944,0
28 0.00136204 0.000367228,0
29 0.00139456 0.000324649,0
30 0.00147357 0.000180692,0
31 0.00145249 9.25311e-05,0
32 -3.18053e-07 -5.35057e-05,0
0 0.00192036 0.000628009,0
1 0.00138079 0.00056112,0
2 0.00147892 0.000359876,0
3 0.00155285 0.000358245,0
4 0.00169987 0.000717608,0
5 0.0018499 0.00105722,0
6 0.00192805 0.00111341,0
7 0.00195181 0.00121225,0
8 0.00195989 0.00114598,0
9 0.00181776 0.00131961,0
10 0.00153449 0.0014956,0
11 0.0013303 0.00153536,0
12 0.00115301 0.00165724,0
13 0.00093169 0.00151519,0
14 0.000767106 0.0012787,0
15 0.000570888 0.00110018,0
16 0.000361625 0.00104499,0
17 0.000165449 0.000956069,0
18 -0.000131077 0.00072992,0
19 -0.000526196 0.00050023,0
20 -0.000655495 0.000544749,0
21 -0.00079498 0.000471073,0
22 -0.00102079 0.000434242,0
23 -0.0010844 0.000548226,0
24 -0.00102686 0.000668673,0
25 -0.000931981 0.000610579,0
26 -0.000912786 0.000583854,0
27 -0.000881394 0.000403412,0
28 -0.000883738 0.000284421,0
29 -0.000763144 0.000111333,0
30 -0.000926377 -1.56978e-06,0
31 -0.00124164 -2.13092e-05,0
32 -0.00103558 -0.000579856,0
0 0.0014171 0.00131291,0
1 0.00220344 0.00107256,0
2 0.00214587 0.000931401,0
3 0.00231868 0.000683675,0
4 0.00246283 0.000668797,0
5 0.00242195 0.000758564,0
6 0.00252 0.000842118,0
7 0.00241234 0.000912187,0
8 0.00208306 0.00136111,0
9 0.00201456 0.00139882,0
10 0.00183145 0.00132817,0
11 0.00139238 0.00119355,0
12 0.00109422 0.00115488,0
13 0.000782649 0.00120445,0
14 0.000689108 0.00119934,0
15 0.000495947 0.00130869,0
16 0.000444394 0.00126682,0
17 0.000539218 0.00121286,0
18 0.000620888 0.00107237,0
19 0.000840165 0.00088901,0
20 0.00093496 0.000718868,0
21 0.00101673 0.000481207,0
22 0.000989963 0.000445497,0
23 0.000997255 0.000434739,0
24 0.00107252 0.000618383,0
25 0.00133623 0.000772222,0
26 0.00140583 0.000954051,0
27 0.00138402 0.000867754,0
28 0.00144169 0.00104128,0
29 0.00148317 0.00101877,0
30 0.00119402 0.00111,0
31 0.00091045 0.00113777,0
32 0.000436914 0.00152957,0
0 0.000331259 -0.000898346,0
1 0.000315818 -0.000877245,0
2 0.000257088 -0.00135743,0
3 8.20954e-05 -0.00152936,0
4 -9.488e-05 -0.00155565,0
5 -0.000241512 -0.00136065,0
6 -0.000202341 -0.00100922,0
7 1.50107e-05 -0.000848995,0
8 0.000145089 -0.00101616,0
9 0.000198092 -0.0011322,0
10 0.000206704 -0.00113645,0
11 0.000190416 -0.000962992,0
12 -8.50447e-05 -0.000863773,0
13 -0.000386559 -0.000874784,0
14 -0.0010204 -0.00100803,0
15 -0.00150726 -0.00110599,0
16 -0.00182824 -0.00108775,0
17 -0.00193747 -0.00129164,0
18 -0.00173134 -0.0011537,0
19 -0.00174794 -0.000880669,0
20 -0.00182834 -0.000813507,0
21 -0.00213861 -0.000853518,0
22 -0.00206485 -0.000786673,0
23 -0.00207239 -0.000644643,0
24 -0.00241264 -0.000663365,0
25 -0.00255155 -0.000868865,0
26 -0.00241057 -0.00112493,0
27 -0.00245315 -0.00130754,0
28 -0.00259565 -0.001487,0
29 -0.00257619 -0.00156557,0
30 -0.00243974 -0.00163129,0
31 -0.00190131 -0.00164757,0
32 -0.00235311 -0.000930636,0
0 -0.000703046 9.02931e-05,0
1 8.79944e-05 0.000833234,0
2 0.00015802 0.00116065,0
3 0.000243772 0.00156636,0
4 0.000552515 0.0016533,0
5 0.000832748 0.00158537,0
6 0.000905113 0.00153783,0
7 0.000886845 0.00146441,0
8 0.000854534 0.00137927,0
9 0.000735757 0.00118876,0
10 0.000475226 0.00116808,0
11 0.000267058 0.00100412,0
12 0.000263499 0.000817171,0
13 -3.11044e-05 0.00077844,0
14 -9.15765e-05 0.000730325,0
15 0.000154609 0.000570656,0
16 0.000191529 0.00029254,0
17 5.37517e-05 0.000310409,0
18 3.73559e-05 0.000409869,0
19 8.52175e-06 0.000334115,0
20 -0.00011293 0.000203211,0
21 -0.000283433 0.000401479,0
22 -0.000272524 0.000278517,0
23 -7.33905e-05 0.000164649,0
24 2.94202e-05 9.99777e-06,0
25 7.92719e-05 -5.91141e-05,0
26 -4.96832e-05 8.76103e-05,0
27 -5.09498e-05 2.90629e-05,0
28 0.000127265 0.000100859,0
29 0.000398027 0.000300587,0
30 0.000675555 0.000510912,0
31 0.000544772 0.000670138,0
32 0.000244386 0.000467601,0
0 6.23721e-05 -0.00107689,0
1 -0.00104658 -0.000749234,0
2 -0.000957771 -0.000764315,0
3 -0.000785717 -0.000839136,0
4 -0.000490422 -0.000822836,0
5 -0.000200989 -0.000723779,0
6 -0.000192393 -0.000723114,0
7 -0.000190364 -0.000790904,0
8 -0.000222698 -0.000804153,0
9 -0.000491476 -0.00081278,0
10 -0.000608602 -0.00071423,0
11 -0.000628595 -0.000439824,0
12 -0.00061013 -0.000366673,0
13 -0.000490381 -0.000201411,0
14 -0.000440093 -4.7007e-05,0
15 -0.000450934 7.90749e-05,0
16 -0.000412254 0.000146355,0
17 -0.00039357 0.000289416,0
18 -0.000361866 0.000258143,0
19 -0.000356459 0.000242632,0
20 -0.000393174 0.000399567,0
21 -0.000413485 0.000556755,0
22 -0.000567185 0.000651235,0
23 -0.000741391 0.000586496,0
24 -0.000923585 0.000602903,0
25 -0.00100756 0.000580445,0
26 -0.00103581 0.00057548,0
27 -0.00111898 0.000674792,0
28 -0.00108272 0.000724477,0
29 -0.000998723 0.000778796,0
30 -0.000866091 0.000888499,0
31 -0.000649924 0.000992309,0
32 -0.000307061 0.000662624,0
0 0.000605761 0.000803338,0
1 0.000435529 0.000438838,0
2 0.000592771 0.000358442,0
3 0.000760909 0.000347393,0
4 0.000712972 0.000321715,0
5 0.000663811 0.000292092,0
6 0.000650629 0.000206769,0
7 0.000659519 1.99738e-05,0
8 0.000723647 1.93222e-05,0
9 0.000687109 -5.65779e-05,0
10 0.000605515 -0.000114395,0
11 0.000513348 -0.000286535,0
12 0.000523793 -0.000405215,0
13 0.000681099 -0.000346272,0
14 0.000804966 -0.000337567,0
15 0.000781073 -0.000478363,0
16 0.000678326 -0.00058303,0
17 0.000361843 -0.000683351,0
18 0.000275222 -0.00067504,0
19 0.00033562 -0.000778878,0
20 0.000180798 -0.000840523,0
21 8.26155e-05 -0.00099271,0
22 -0.000199175 -0.00112237,0
23 -0.0003973 -0.00105919,0
24 -0.000530909 -0.00102565,0
25 -0.000430108 -0.00093437,0
26 -0.00040131 -0.000851338,0
27 -0.000302559 -0.000837891,0
28 -0.000142267 -0.000772849,0
29 2.72469e-05 -0.00066494,0
30 4.45139e-05 -0.000553905,0
31 4.83877e-05 -0.000406994,0
32 -0.000423839 -0.000391643,0
0 0.000199535 -4.49025e-05,0
1 -0.000195687 -0.000679019,0
2 -0.000260176 -0.000784285,0
3 -0.000257799 -0.000927516,0
4 -0.000370663 -0.00104743,0
5 -0.000398185 -0.000953871,0
6 -0.000394975 -0.000784125,0
7 -0.00028824 -0.00042331,0
8 -0.000138742 -0.000253838,0
9 2.63984e-05 -0.000192427,0
10 0.000115566 -0.000482625,0
11 0.00012358 -0.000579584,0
12 0.000277337 -0.000579526,0
13 0.000568975 -0.000546586,0
14 0.00109132 -0.000427341,0
15 0.00149328 -0.000255893,0
16 0.00172969 -7.97796e-05,0
17 0.00186557 -3.54796e-05,0
18 0.00199146 -0.000120906,0
19 0.00207512 -0.000173158,0
20 0.00218996 -0.000248597,0
21 0.00231164 -0.000237433,0
22 0.00227752 -0.000131216,0
23 0.00223526 8.12099e-06,0
24 0.00220903 6.48828e-05,0
25 0.00210501 0.000176669,0
26 0.00193447 0.000442938,0
27 0.00162098 0.000644419,0
28 0.00132151 0.000798097,0
29 0.00115203 0.000905132,0
30 0.00107338 0.00113326,0
31 0.00119614 0.00120284,0
32 0.00171711 0.000121221,0
0 -0.00120447 0.000116594,0
1 -0.00119578 -0.000258839,0
2 -0.00126865 -0.000333344,0
3 -0.00145805 -0.000349367,0
4 -0.00155898 -0.000283041,0
5 -0.00163855 -0.000212557,0
6 -0.00171224 -9.70018e-05,0
7 -0.00174322 -0.000112226,0
8 -0.00175137 -0.000174063,0
9 -0.00166792 -0.000176285,0
10 -0.00152994 -5.59148e-05,0
11 -0.00144252 -1.74016e-05,0
12 -0.00133022 -2.81346e-05,0
13 -0.00132009 -4.22923e-05,0
14 -0.00133809 -3.71286e-05,0
15 -0.00129548 8.90842e-06,0
16 -0.00125002 9.27309e-05,0
17 -0.0012778 0.000228702,0
18 -0.00141461 0.000303661,0
19 -0.00148303 0.000193579,0
20 -0.00145028 0.000168023,0
21 -0.00132441 0.000179732,0
22 -0.00124054 0.000133546,0
23 -0.00106218 0.0001825,0
24 -0.000827863 0.000257812,0
25 -0.000731516 0.000222663,0
26 -0.000587181 0.000178286,0
27 -0.000469529 0.000144967,0
28 -0.000357505 0.000133841,0
29 -0.000290629 0.000116991,0
30 -0.00018699 1.43783e-05,0
31 -8.67002e-05 2.69278e-05,0
32 -0.000234991 -0.000162621,0
0 4.07892e-05 -0.00328746,0
1 0.00129162 -0.00263742,0
2 0.000966115 -0.00271114,0
3 0.000763495 -0.00288477,0
4 0.000649238 -0.00266504,0
5 0.000948268 -0.00186117,0
6 0.000666591 -0.000971497,0
7 0.00032329 -0.000311641,0
8 0.000100258 0.000251942,0
9 8.13979e-05 0.000881696,0
10 0.000203297 0.000987254,0
11 0.000390275 0.000714233,0
12 0.000412839 0.000544814,0
13 0.000398626 0.000585172,0
14 0.000483738 0.00038135,0
15 0.000397021 0.000243224,0
16 0.000167197 0.000125659,0
17 -0.000315331 7.83847e-07,0
18 -0.000747414 -0.000334165,0
19 -0.000891147 -0.000711227,0
20 -0.0010651 -0.00102096,0
21 -0.000985439 -0.00109824,0
22 -0.00111485 -0.00110131,0
23 -0.00137548 -0.00110341,0
24 -0.00150517 -0.00116079,0
25 -0.00144429 -0.00111573,0
26 -0.00146294 -0.000781187,0
27 -0.00129805 -0.000345844,0
28 -0.001416 -2.87168e-06,0
29 -0.0018781 0.000438623,0
30 -0.00215373 0.000829038,0
31 -0.00233742 0.000970644,0
32 -0.00266575 0.00121865,0
0 0.00155679 -0.000201353,0
1 0.00138354 0.000624212,0
2 0.00130579 0.000731086,0
3 0.00132139 0.000547181,0
4 0.00122024 0.000321658,0
5 0.00142892 0.000105253,0
6 0.00156331 -0.000114953,0
7 0.00157988 -0.000503751,0
8 0.00126535 -0.000879645,0
9 0.00109504 -0.00104428,0
10 0.000896385 -0.00111766,0
11 0.000531951 -0.00118482,0
12 0.000252158 -0.00137214,0
13 3.44714e-05 -0.00152447,0
14 -0.000105351 -0.00137528,0
15 -7.91877e-05 -0.00137412,0
16 5.33906e-05 -0.00126783,0
17 0.000112392 -0.000956162,0
18 5.82531e-05 -0.00080059,0
19 0.000100164 -0.00036726,0
20 0.000137891 3.00899e-05,0
21 0.000180335 0.000165442,0
22 8.9282e-05 0.000154788,0
23 -5.70684e-05 0.00023279,0
24 -0.00018667 0.000208799,0
25 -0.000329271 0.000275389,0
26 -0.000355496 0.000272493,0
27 -0.000359833 0.000227354,0
28 -0.000400086 0.0001589,0
29 -0.00053729 0.00022445,0
30 -0.000576912 0.000312157,0
31 -0.000550433 0.00031416,0
32 -0.000709926 0.000639734,0
0 -0.00216014 0.00251319,0
1 -0.0042267 0.00193107,0
2 -0.00443748 0.00146368,0
3 -0.00449736 0.00137111,0
4 -0.00440221 0.000312064,0
5 -0.00463627 -0.00059697,0
6 -0.00471761 -0.00131818,0
7 -0.00470621 -0.00142938,0
8 -0.00437772 -0.000975786,0
9 -0.00410227 -0.000152869,0
10 -0.00369879 -3.55391e-05,0
11 -0.0030168 1.31394e-05,0
12 -0.00233056 -3.03726e-05,0
13 -0.00130372 -0.000228319,0
14 -0.000936796 -0.000995253,0
15 -0.000822331 -0.00160214,0
16 -0.000345177 -0.00195004,0
17 -0.000253203 -0.00222202,0
18 -0.000519198 -0.00251084,0
19 -0.00073788 -0.00274936,0
20 -0.000674283 -0.00324223,0
21 -0.000732152 -0.00399708,0
22 -0.000268752 -0.00455801,0
23 0.000161002 -0.00463764,0
24 0.000654197 -0.00481948,0
25 0.000747751 -0.00462696,0
26 0.000814392 -0.0041777,0
27 0.000540905 -0.0036562,0
28 0.000418785 -0.003329,0
29 0.000660004 -0.00339396,0
30 0.00120768 -0.0032221,0
31 0.00124456 -0.00287926,0
32 0.00112062 -0.00229189,0
0 0.00129316 -0.000167619,0
1 0.0013722 -4.02919e-05,0
2 0.00146063 -0.000214218,0
3 0.0014011 -0.000287333,0
4 0.0013142 -0.000351803,0
5 0.00122363 -0.00043368,0
6 0.0012378 -0.000503282,0
7 0.00122612 -0.000516701,0
8 0.00126117 -0.000570003,0
9 0.00119124 -0.000361596,0
10 0.00101576 -0.000318328,0
11 0.00100545 -0.000287854,0
12 0.000946127 -0.000148646,0
13 0.000764443 -8.22852e-05,0
14 0.000560181 -5.70987e-05,0
15 0.000401787 -6.6664e-05,0
16 0.00035433 -0.000129536,0
17 0.000482754 -0.000112766,0
18 0.000629614 7.17369e-07,0
19 0.000671691 3.30532e-05,0
20 0.000576652 -3.49965e-06,0
21 0.000426728 -1.63441e-05,0
22 0.000289937 -5.00378e-05,0
23 0.000262947 -8.41283e-05,0
24 0.00013728 -5.83473e-05,0
25 1.14697e-05 -0.0001547,0
26 -4.66045e-05 -0.000279036,0
27 -0.000200197 -0.000306242,0
28 -0.000187941 -0.000333155,0
29 -0.000151182 -0.000366869,0
30 -0.000126872 -0.000324635,0
31 -0.000189586 -0.000305671,0
32 -0.000965121 -0.000664458,0
0 -0.000624552 -0.000646615,0
1 -0.000514328 -0.000501843,0
2 -0.000536715 -0.000420748,0
3 -0.000746355 -0.000371601,0
4 -0.00101 -0.000275948,0
5 -0.0012797 -0.000210887,0
6 -0.00149198 -0.000198764,0
7 -0.00160607 -0.000108917,0
8 -0.00156177 -0.000175823,0
9 -0.00153017 -0.000372613,0
10 -0.00147286 -0.000510936,0
11 -0.00142129 -0.00057292,0
12 -0.00129487 -0.000542194,0
13 -0.00129461 -0.000495046,0
14 -0.00126345 -0.000552585,0
15 -0.0013033 -0.000649376,0
16 -0.0013389 -0.000685836,0
17 -0.00141699 -0.000776816,0
18 -0.00149963 -0.000757138,0
19 -0.00146139 -0.000649272,0
20 -0.00134126 -0.000553671,0
21 -0.00128395 -0.000622875,0
22 -0.00110427 -0.000703294,0
23 -0.000808545 -0.000768532,0
24 -0.000641037 -0.000775035,0
25 -0.000591308 -0.000668961,0
26 -0.000580217 -0.000609901,0
27 -0.000476825 -0.000537414,0
28 -0.000336903 -0.000434006,0
29 -0.000292243 -0.000403171,0
30 -0.000315979 -0.000409785,0
31 -0.000285275 -0.000475745,0
32 -0.000898692 -0.000337026,0
0 0.000149058 0.00343955,0
1 0.000168551 0.0027215,0
2 0.000258791 0.00261848,0
3 0.000336535 0.00272535,0
4 0.000287182 0.00284189,0
5 0.000278879 0.00228595,0
6 0.000202038 0.00186456,0
7 -7.85951e-05 0.00171365,0
8 -0.000464869 0.00171674,0
9 -0.000737241 0.001826,0
10 -0.000881093 0.0019274,0
11 -0.000715609 0.00175879,0
12 -0.000491462 0.00178076,0
13 -7.87532e-05 0.00149055,0
14 0.000210978 0.0012489,0
15 0.000538494 0.00136223,0
16 0.00104732 0.00147248,0
17 0.00140669 0.0015802,0
18 0.00149726 0.00159885,0
19 0.00189257 0.0017194,0
20 0.00202852 0.00152593,0
21 0.00237987 0.0013623,0
22 0.00272249 0.00116279,0
23 0.002853 0.000759441,0
24 0.00258318 0.000476029,0
25 0.00242582 0.000139617,0
26 0.00264952 -0.000349069,0
27 0.00266482 -0.000920419,0
28 0.00297436 -0.00123124,0
29 0.00309325 -0.00102798,0
30 0.00319778 -0.000919563,0
31 0.00297046 -0.000988427,0
32 0.00150367 -0.00122693,0
0 -0.00101535 -0.00185322,0
1 -0.00107083 -0.0017355,0
2 -0.0011139 -0.00185344,0
3 -0.00116431 -0.00188488,0
4 -0.00118921 -0.00181971,0
5 -0.00131897 -0.00161808,0
6 -0.00129228 -0.00114519,0
7 -0.00121517 -0.000742699,0
8 -0.00119692 -0.000449752,0
9 -0.001131 -0.000330455,0
10 -0.00117667 -5.65782e-05,0
11 -0.00114141 9.6521e-05,0
12 -0.00115784 9.12474e-05,0
13 -0.00120058 0.000125432,0
14 -0.00118628 0.000124586,0
15 -0.00112097 0.000136494,0
16 -0.00103324 0.000132977,0
17 -0.000856378 0.000122421,0
18 -0.000690218 2.14964e-05,0
19 -0.00057472 -2.4926e-05,0
20 -0.000618579 -4.46059e-05,0
21 -0.000813371 0.00013084,0
22 -0.000937167 0.000299066,0
23 -0.00111524 0.000333323,0
24 -0.00102392 0.000388781,0
25 -0.000935187 0.000355009,0
26 -0.00101392 0.000384496,0
27 -0.00102996 0.000587524,0
28 -0.000979388 0.000742777,0
29 -0.000882409 0.00083488,0
30 -0.000726991 0.000891586,0
31 -0.00049988 0.00114399,0
32 -0.000449006 0.00134811,0
0 0.00014588 -0.000600537,0
1 0.00012513 1.96349e-05,0
2 -0.000104517 -5.4497e-05,0
3 -0.000288907 -1.96836e-05,0
4 -0.000472457 1.66072e-05,0
5 -0.000773392 -0.0002114,0
6 -0.00114141 -0.000359366,0
7 -0.00122587 -0.000629391,0
8 -0.00127912 -0.00113407,0
9 -0.00133147 -0.00140818,0
10 -0.00124425 -0.00184884,0
11 -0.00111082 -0.00224017,0
12 -0.00105201 -0.00246954,0
13 -0.00102148 -0.00242538,0
14 -0.00102211 -0.00222363,0
15 -0.000977224 -0.00226659,0
16 -0.000862394 -0.00213699,0
17 -0.000785462 -0.00181541,0
18 -0.000733848 -0.00159575,0
19 -0.000756846 -0.00145104,0
20 -0.000701748 -0.00139401,0
21 -0.000567567 -0.00134532,0
22 -0.000605767 -0.00119857,0
23 -0.000861035 -0.00134044,0
24 -0.000787617 -0.00133455,0
25 -0.000694562 -0.00110868,0
26 -0.000724551 -0.00096831,0
27 -0.000753781 -0.000930979,0
28 -0.000836642 -0.00098079,0
29 -0.000862934 -0.00107361,0
30 -0.000816748 -0.00112495,0
31 -0.000657645 -0.00109762,0
32 -8.06029e-05 -0.000459562,0
0 0.000615846 0.00216583,0
1 -0.000260438 0.00165766,0
2 -0.000212609 0.00173546,0
3 -0.00018588 0.00148119,0
4 -2.73419e-05 0.0011642,0
5 -8.06873e-05 0.000477397,0
6 -0.000674631 -0.000123157,0
7 -0.000819265 -0.000678547,0
8 -0.00081642 -0.000356639,0
9 -0.000717925 -0.000305665,0
10 -0.000665088 -0.000290444,0
11 -0.000663427 -0.000134244,0
12 -0.000820488 5.69591e-05,0
13 -0.000926315 6.1021e-06,0
14 -0.00109295 3.74748e-05,0
15 -0.00102003 6.95633e-06,0
16 -0.00100072 -7.11402e-05,0
17 -0.00096952 2.20929e-07,0
18 -0.000882367 2.40947e-05,0
19 -0.000634337 8.29529e-05,0
20 -0.000286035 -0.000178684,0
21 1.60804e-05 -0.000338722,0
22 0.000106464 -0.000343444,0
23 0.000169489 -0.000232669,0
24 8.03485e-05 -0.000391395,0
25 -7.59743e-05 -0.000515509,0
26 -0.000150567 -0.000645673,0
27 -0.000359082 -0.000749349,0
28 -0.000428454 -0.000783919,0
29 -0.000515408 -0.000788966,0
30 -0.00046597 -0.000705173,0
31 -0.00026823 -0.000613285,0
32 -0.000499519 0.000233697,0
0 0.000200631 -0.00231599,0
1 0.000998981 -0.00202401,0
2 0.000944785 -0.00233289,0
3 0.000904066 -0.00229972,0
4 0.000380297 -0.00220062,0
5 -0.000158831 -0.00248266,0
6 -0.000358051 -0.00223542,0
7 -0.000825878 -0.00213329,0
8 -0.0010486 -0.00202587,0
9 -0.000868519 -0.00177763,0
10 -0.00106709 -0.0016561,0
11 -0.00134274 -0.00125886,0
12 -0.00154947 -0.000894695,0
13 -0.00171482 -0.000439377,0
14 -0.00208989 0.00029605,0
15 -0.00215955 0.00107644,0
16 -0.00219013 0.001533,0
17 -0.0019011 0.00183857,0
18 -0.00157232 0.00217983,0
19 -0.00158815 0.00233079,0
20 -0.00167468 0.0023867,0
21 -0.00159809 0.00239361,0
22 -0.00144481 0.00238374,0
23 -0.00150267 0.00210752,0
24 -0.00142987 0.00181684,0
25 -0.00146185 0.00166537,0
26 -0.00140995 0.00118585,0
27 -0.00113405 0.000642749,0
28 -0.00112289 0.000443902,0
29 -0.00100248 0.000483097,0
30 -0.000863871 0.000494577,0
31 -0.000601632 0.000675218,0
32 -0.000614756 0.00113874,0
0 -0.00216846 -0.0002449,0
1 -0.00158241 0.000140788,0
2 -0.00143023 3.40481e-05,0
3 -0.00139041 0.000156469,0
4 -0.00134987 6.51368e-05,0
5 -0.00129669 -5.05621e-05,0
6 -0.00114095 -4.30524e-05,0
7 -0.000956244 -0.000194763,0
8 -0.000962404 -2.02696e-05,0
9 -0.000863754 7.83374e-05,0
10 -0.000677549 7.93324e-05,0
11 -0.000521185 0.000124801,0
12 -0.000364322 0.000192448,0
13 -0.000389264 0.000351294,0
14 -0.000310011 0.000421602,0
15 -0.000362723 0.00040804,0
16 -0.000443011 0.00024153,0
17 -0.000334164 0.000151527,0
18 -5.3265e-05 0.000152162,0
19 4.34271e-05 0.00027347,0
20 0.000234466 0.000426328,0
21 0.000204823 0.000413045,0
22 0.000197509 0.000465587,0
23 0.000105151 0.000622286,0
24 -0.000113095 0.000486805,0
25 -0.000160029 0.000347774,0
26 -0.000219898 0.000225219,0
27 -0.000350928 0.000112285,0
28 -0.000482216 1.44225e-05,0
29 -0.000596681 0.000125786,0
30 -0.000609323 6.43138e-05,0
31 -0.000494653 4.24928e-05,0
32 -0.00065981 -6.70195e-05,0
0 0.000579616 0.0001967,0
1 0.000651264 0.000201875,0
2 0.000893764 -0.000178767,0
3 0.000864958 -0.000654496,0
4 0.000966693 -0.00106842,0
5 0.000683921 -0.00125422,0
6 0.000844246 -0.00158011,0
7 0.000879565 -0.00190704,0
8 0.000968557 -0.00207404,0
9 0.000960256 -0.00218387,0
10 0.000965979 -0.0024818,0
11 0.000686781 -0.00274195,0
12 0.000774141 -0.00299751,0
13 0.000884739 -0.00269484,0
14 0.000925012 -0.0022331,0
15 0.000910073 -0.00215289,0
16 0.000734411 -0.00207096,0
17 0.000544495 -0.00193344,0
18 0.000465224 -0.00170984,0
19 0.000297691 -0.00165203,0
20 0.000118509 -0.00178762,0
21 6.37526e-05 -0.00184118,0
22 -0.000136917 -0.00193143,0
23 -0.000316232 -0.002139,0
24 -0.000334987 -0.00225831,0
25 -0.000196472 -0.00229462,0
26 -5.89053e-05 -0.00229658,0
27 5.35201e-05 -0.00237655,0
28 3.39381e-05 -0.00225779,0
29 -0.000103233 -0.00216877,0
30 -0.000198565 -0.00207819,0
31 -0.000236266 -0.00189848,0
32 0.000745651 -0.00111766,0
0 0.00133938 0.000753603,0
1 0.00097754 0.00101033,0
2 0.000810435 0.000998,0
3 0.000514815 0.000743579,0
4 0.000245053 0.000642034,0
5 2.61186e-05 0.000320032,0
6 -9.92478e-05 0.000138727,0
7 -0.00021732 -0.000173128,0
8 -0.000201948 -0.000583179,0
9 -4.57641e-05 -0.000912146,0
10 0.000133659 -0.00100316,0
11 0.000147387 -0.00123891,0
12 -4.62454e-05 -0.0012845,0
13 -0.000233094 -0.00129135,0
14 -0.000316844 -0.00115709,0
15 -0.0003494 -0.00108762,0
16 -0.000485931 -0.0008774,0
17 -0.00077292 -0.000682255,0
18 -0.00104794 -0.000752228,0
19 -0.00111188 -0.000787034,0
20 -0.00106499 -0.000834759,0
21 -0.000852698 -0.000767768,0
22 -0.000528155 -0.000709884,0
23 -0.000298406 -0.000845356,0
24 -0.000341918 -0.000994973,0
25 -0.000458904 -0.000718472,0
26 -0.000702323 -0.000551517,0
27 -0.000951113 -0.000576318,0
28 -0.00104183 -0.00062416,0
29 -0.00104764 -0.000483327,0
30 -0.0011049 -0.000273757,0
31 -0.00124946 -9.55979e-05,0
32 -0.000954766 -0.000808675,0
0 0.00030435 0.00206345,0
1 0.000639028 0.00147715,0
2 0.000406543 0.00147683,0
3 0.000189425 0.00125742,0
4 0.000204188 0.000891162,0
5 0.000451746 0.000691775,0
6 0.00048528 0.000516279,0
7 0.000545716 0.000340049,0
8 0.000343299 0.000325823,0
9 -3.46468e-05 0.000159739,0
10 -0.000187314 -0.000105811,0
11 -0.000177071 -0.000404616,0
12 0.000153124 -0.000236154,0
13 0.000257454 -0.000394174,0
14 6.52694e-05 -0.000795716,0
15 0.000143607 -0.0012401,0
16 0.000339282 -0.00119536,0
17 0.000197366 -0.00116825,0
18 -2.79413e-05 -0.00103135,0
19 -0.000289291 -0.00103441,0
20 -0.000347365 -0.00100017,0
21 1.69883e-05 -0.000783778,0
22 0.000146055 -0.000559255,0
23 0.000137566 -0.000288643,0
24 0.000150667 -9.66683e-05,0
25 -7.89153e-05 -1.73689e-05,0
26 -0.000111556 -0.000144613,0
27 -0.000265169 -0.000441482,0
28 -0.000393677 -0.000748551,0
29 -0.000377281 -0.000902964,0
30 -0.000312394 -0.00102027,0
31 -0.000130599 -0.00111952,0
32 0.000490548 -0.000873145,0
0 0.000827855 -0.00165206,0
1 0.000476842 -0.00159018,0
2 0.000663471 -0.00128797,0
3 0.000935394 -0.00117317,0
4 0.00103769 -0.00110413,0
5 0.00101848 -0.00122154,0
6 0.000820321 -0.00132718,0
7 0.00074942 -0.0014232,0
8 0.000700791 -0.00141269,0
9 0.000584274 -0.00137877,0
10 0.000420797 -0.00138657,0
11 0.000331509 -0.00132127,0
12 0.000310815 -0.00153641,0
13 0.000203774 -0.00182336,0
14 0.000162491 -0.00198757,0
15 0.000202683 -0.00194335,0
16 0.000311626 -0.00198581,0
17 0.000546652 -0.00186799,0
18 0.000571521 -0.00186187,0
19 0.000680391 -0.00208259,0
20 0.000912161 -0.00243614,0
21 0.0009496 -0.00256509,0
22 0.00107862 -0.00232936,0
23 0.00111154 -0.00198396,0
24 0.00096435 -0.00152828,0
25 0.000999186 -0.00138345,0
26 0.000985342 -0.00111412,0
27 0.00100119 -0.00080048,0
28 0.00101652 -0.000511333,0
29 0.000814312 -0.000168916,0
30 0.000633049 0.000203198,0
31 0.000371186 0.000315677,0
32 -0.000410151 0.000207943,0
0 4.65092e-05 -0.00196686,0
1 -0.000412112 -0.00128799,0
2 -0.000359743 -0.000862047,0
3 -0.000564243 -0.000636494,0
4 -0.000407673 -0.000427194,0
5 -0.000348211 -4.52924e-05,0
6 -0.000590715 0.00027576,0
7 -0.000888769 0.000582452,0
8 -0.000938225 0.000643207,0
9 -0.000651806 0.000829088,0
10 -0.000514818 0.0010571,0
11 -0.00064539 0.00133567,0
12 -0.000714113 0.00129118,0
13 -0.000851019 0.00116254,0
14 -0.000886217 0.00119922,0
15 -0.00106323 0.00124198,0
16 -0.00118316 0.00115299,0
17 -0.00120399 0.0010557,0
18 -0.00131808 0.00108363,0
19 -0.00128906 0.00118752,0
20 -0.00110088 0.00118457,0
21 -0.000912977 0.00117058,0
22 -0.000916578 0.00116307,0
23 -0.000684621 0.00125705,0
24 -0.000654204 0.00117935,0
25 -0.000601411 0.00122559,0
26 -0.000519258 0.00155327,0
27 -0.000218046 0.00156117,0
28 6.88074e-05 0.00142732,0
29 -8.65546e-05 0.00131926,0
30 -0.000253483 0.00135585,0
31 -0.000412082 0.0016412,0
32 -0.000532849 0.00108192,0
0 -0.000201735 -0.000292137,0
1 0.000328685 0.000271969,0
2 0.000399604 0.000192184,0
3 0.00045505 0.000173887,0
4 0.000472058 0.000280502,0
5 0.000586168 0.000500895,0
6 0.000609564 0.000619805,0
7 0.000678327 0.000641546,0
8 0.000485273 0.000473819,0
9 0.000392207 0.000387158,0
10 0.000301371 0.000347043,0
11 0.000173667 0.000290744,0
12 -5.08729e-05 0.000225023,0
13 -0.000184908 0.000189594,0
14 -0.00028761 0.000184704,0
15 -0.00031989 0.000126614,0
16 -0.000369901 6.3892e-05,0
17 -0.000455314 -6.51346e-05,0
18 -0.000436511 -2.12258e-05,0
19 -0.000351178 2.42784e-05,0
20 -0.000448188 0.000113325,0
21 -0.000428853 0.000358242,0
22 -0.000371315 0.000523582,0
23 -0.000319683 0.000551089,0
24 -0.000265989 0.000634013,0
25 -0.000282689 0.000791084,0
26 -0.00036072 0.000801551,0
27 -0.000380389 0.000788397,0
28 -0.000233025 0.000973138,0
29 -0.000180122 0.00115636,0
30 -0.000122317 0.00121872,0
31 -0.000268271 0.00110047,0
32 -0.0004745 0.00127265,0
0 0.000137126 -0.000233762,0
1 0.000220032 -0.00088128,0
2 0.000332249 -0.000842409,0
3 0.000370141 -0.000739915,0
4 0.000564053 -0.000659438,0
5 0.000642583 -0.000694145,0
6 0.00067068 -0.00069831,0
7 0.000740442 -0.000662224,0
8 0.000754115 -0.000483973,0
9 0.000595689 -0.000384665,0
10 0.000366973 -0.00032507,0
11 0.000133167 -0.00030379,0
12 0.000144069 -0.000273693,0
13 0.000102563 -0.000321146,0
14 0.00010806 -0.000370806,0
15 5.76558e-05 -0.000384178,0
16 -9.2291e-06 -0.000361705,0
17 -6.11497e-05 -0.00027768,0
18 -0.000165337 -0.00023546,0
19 -0.000354565 -0.000267346,0
20 -0.000479614 -0.000173757,0
21 -0.000598 -7.94492e-05,0
22 -0.000797012 -9.19711e-06,0
23 -0.00103299 3.76914e-05,0
24 -0.00116219 6.4254e-05,0
25 -0.00119132 0.000160443,0
26 -0.00118764 0.00019125,0
27 -0.00119373 0.000105316,0
28 -0.00123764 -1.13033e-05,0
29 -0.00120268 -0.000183082,0
30 -0.00107604 -0.000128941,0
31 -0.000940759 -2.24722e-05,0
32 -0.00112403 0.000330067,0
0 -0.000494885 0.00125967,0
1 -0.000511786 0.0012625,0
2 -0.000240915 0.000974323,0
3 2.05276e-05 0.000826706,0
4 0.000198857 0.000722353,0
5 0.000373236 0.000597731,0
6 0.000572285 0.000307566,0
7 0.000733208 0.000148904,0
8 0.000762057 7.32734e-05,0
9 0.000691115 -8.04589e-05,0
10 0.000760829 -0.000283087,0
11 0.000860512 -0.000219476,0
12 0.000870909 -0.000108957,0
13 0.000805967 0.000139698,0
14 0.000655894 0.000194253,0
15 0.000631134 0.000226932,0
16 0.000566784 0.000208106,0
17 0.000384028 0.000146763,0
18 0.000119198 0.00021384,0
19 -0.000218638 0.0001643,0
20 -0.000383119 1.25482e-05,0
21 -0.000638778 -6.38434e-05,0
22 -0.000931906 -8.96436e-05,0
23 -0.00106455 -5.72116e-05,0
24 -0.00126393 2.85045e-05,0
25 -0.00145303 0.000124216,0
26 -0.00175692 0.000329079,0
27 -0.0019916 0.000522907,0
28 -0.00213196 0.000620812,0
29 -0.00222906 0.000523991,0
30 -0.00221931 0.000471432,0
31 -0.00207542 0.000309959,0
32 -0.00112164 -5.78956e-05,0
0 0.00121756 0.000242647,0
1 0.00136043 -0.000255509,0
2 0.0013692 -0.000329926,0
3 0.00102378 -0.000538482,0
4 0.000966182 -0.000933114,0
5 0.000911293 -0.00132308,0
6 0.00107106 -0.00179587,0
7 0.00130066 -0.00173897,0
8 0.00169364 -0.00148839,0
9 0.00196515 -0.00132638,0
10 0.00215878 -0.00115051,0
11 0.00199416 -0.00116424,0
12 0.00174196 -0.00122332,0
13 0.00156307 -0.00135775,0
14 0.00139962 -0.00141059,0
15 0.0012386 -0.00128123,0
16 0.00102266 -0.00150504,0
17 0.000865671 -0.00147453,0
18 0.0010243 -0.00128211,0
19 0.0010705 -0.00104944,0
20 0.00100169 -0.000904628,0
21 0.00105557 -0.001067,0
22 0.00112954 -0.0010632,0
23 0.00124122 -0.00124393,0
24 0.00125228 -0.00123468,0
25 0.00128989 -0.00109829,0
26 0.00121829 -0.000915673,0
27 0.00123806 -0.000666192,0
28 0.00135035 -0.000454066,0
29 0.00137787 -0.000296972,0
30 0.00136626 -9.62931e-05,0
31 0.00149004 1.74796e-05,0
32 0.000963788 0.000178714,0
0 0.00318882 -0.00102377,0
1 0.00278902 -0.00113383,0
2 0.00292192 -0.0012735,0
3 0.0028941 -0.00112975,0
4 0.00295604 -0.000671166,0
5 0.00313029 -0.000731645,0
6 0.00313885 -0.000828995,0
7 0.0026805 -0.000504968,0
8 0.00243055 -0.000366917,0
9 0.00216506 -0.000128973,0
10 0.00179278 0.00022297,0
11 0.0014791 0.000546746,0
12 0.00118934 0.000661881,0
13 0.00107487 0.000784468,0
14 0.00109662 0.000897171,0
15 0.00108707 0.00119853,0
16 0.000931655 0.00142949,0
17 0.000749283 0.00160827,0
18 0.000670765 0.00171571,0
19 0.000657509 0.00178304,0
20 0.000502578 0.0019071,0
21 0.000352935 0.00222694,0
22 -0.000169978 0.00241823,0
23 -0.000544236 0.00256745,0
24 -0.000593515 0.00255886,0
25 -0.000711596 0.00224862,0
26 -0.000741871 0.00212429,0
27 -0.000595704 0.00193502,0
28 -0.000235108 0.00177805,0
29 0.000131601 0.00164557,0
30 0.000601678 0.00143232,0
31 0.000967201 0.00136781,0
32 -0.000277793 0.00196758,0
0 -0.000155485 0.000643886,0
1 -0.000390282 -0.000285708,0
2 -0.000617623 -0.000636678,0
3 -0.000800571 -0.000929751,0
4 -0.000907009 -0.000698885,0
5 -0.0009132 -0.000406377,0
6 -0.000907579 -0.000329475,0
7 -0.000884902 -6.77281e-05,0
8 -0.000883864 3.46294e-05,0
9 -0.00101781 0.000132787,0
10 -0.00103439 -4.46444e-06,0
11 -0.0011458 -4.10566e-05,0
12 -0.00109927 -1.44847e-05,0
13 -0.000924988 0.000136951,0
14 -0.000814455 0.000529566,0
15 -0.000669215 0.000771452,0
16 -0.000636936 0.000787014,0
17 -0.000548271 0.00097032,0
18 -0.000339461 0.00124274,0
19 -0.000403842 0.00123065,0
20 -0.000548276 0.00112136,0
21 -0.000612193 0.00109475,0
22 -0.000706931 0.00100946,0
23 -0.000884845 0.00101966,0
24 -0.000931019 0.00103227,0
25 -0.000798275 0.00105154,0
26 -0.000729528 0.000903639,0
27 -0.000790789 0.000826354,0
28 -0.000777003 0.000717737,0
29 -0.000879321 0.000645227,0
30 -0.00105739 0.000565534,0
31 -0.0011013 0.000542479,0
32 -0.00167483 -0.000396994,0
0 0.0030413 -0.000753472,0
1 0.00331904 -0.00135967,0
2 0.00289538 -0.000596986,0
3 0.00230913 0.000300123,0
4 0.00201805 0.00100154,0
5 0.00194094 0.00117203,0
6 0.00179226 0.00113887,0
7 0.00166549 0.00124532,0
8 0.00135937 0.00113249,0
9 0.000924881 0.000835325,0
10 0.000370004 0.000930585,0
11 7.80773e-05 0.00082568,0
12 5.89253e-05 0.000688418,0
13 0.000178411 0.000458221,0
14 5.30732e-05 6.78429e-05,0
15 7.90822e-05 -0.000337259,0
16 9.67661e-05 -0.00066785,0
17 0.000114666 -0.000859536,0
18 1.72295e-05 -0.00091614,0
19 -0.000200184 -0.000825524,0
20 -0.000534735 -0.000802139,0
21 -0.000539921 -0.00047003,0
22 -0.00041313 3.44223e-05,0
23 -0.000147282 0.000644472,0
24 -4.7055e-05 0.00105483,0
25 -1.14969e-05 0.00127853,0
26 0.000362206 0.00150292,0
27 0.000597481 0.00172071,0
28 0.000697081 0.00170025,0
29 0.000760154 0.00165039,0
30 0.000739988 0.00146427,0
31 0.000605822 0.0015266,0
32 0.00138343 0.00104948,0
0 -0.00117547 -0.00161598,0
1 8.08141e-05 -0.000412823,0
2 -0.000137384 -0.000412555,0
3 -0.000194118 -0.000591532,0
4 -0.000267195 -0.000760098,0
5 -0.000523434 -0.000495139,0
6 -0.000725859 -0.000314857,0
7 -0.000684386 -0.000149776,0
8 -0.000548392 -5.11643e-05,0
9 -0.000311546 7.9568e-05,0
10 0.000159057 0.000256001,0
11 0.000627971 0.000167584,0
12 0.000910025 6.08162e-05,0
13 0.000925594 -0.00026347,0
14 0.00103409 -0.000409212,0
15 0.0010693 -0.000475469,0
16 0.00111101 -0.000479278,0
17 0.00118511 -0.000562466,0
18 0.00133661 -0.000600891,0
19 0.00135044 -0.000540496,0
20 0.00135532 -0.000520344,0
21 0.00136306 -0.000368514,0
22 0.00137045 -0.000147361,0
23 0.0012798 -4.1947e-05,0
24 0.00125639 5.75868e-06,0
25 0.00114159 -5.78293e-05,0
26 0.000956796 -0.000153573,0
27 0.00076555 -4.72786e-05,0
28 0.000747372 -8.41734e-05,0
29 0.000612606 -5.75091e-05,0
30 0.000622163 -4.20336e-05,0
31 0.00046475 -3.75182e-05,0
32 -0.000505365 -0.00019603,0
0 -0.000430792 0.000417,0
1 0.00058736 9.11878e-05,0
2 0.000530143 -6.06819e-05,0
3 0.000370311 -0.000186954,0
4 0.000251697 -3.55222e-05,0
5 0.000234103 5.71211e-05,0
6 0.000376279 -4.15943e-05,0
7 0.000560059 8.64936e-05,0
8 0.000656681 0.00027256,0
9 0.000762752 0.000384401,0
10 0.000636958 0.000535006,0
11 0.000589587 0.000718874,0
12 0.000591621 0.000856191,0
13 0.000613547 0.00085819,0
14 0.000592758 0.000688497,0
15 0.000645887 0.000559682,0
16 0.000893785 0.000440154,0
17 0.000980739 0.00017989,0
18 0.000951172 4.85034e-05,0
19 0.000992442 -3.14839e-05,0
20 0.000936219 -5.02511e-05,0
21 0.00086445 -3.23586e-05,0
22 0.000888911 -2.84683e-05,0
23 0.000727637 -5.87214e-06,0
24 0.000779507 -0.000177207,0
25 0.000815151 -0.000421032,0
26 0.000714405 -0.000519165,0
27 0.000660241 -0.00047488,0
28 0.00058434 -0.000479855,0
29 0.000472004 -0.000568704,0
30 0.000417994 -0.000640996,0
31 0.000204574 -0.000731828,0
32 -5.32735e-05 -0.00150189,0
0 0.00163725 0.00102932,0
1 0.0018168 -5.88431e-05,0
2 0.00199521 8.68366e-05,0
3 0.00204834 0.000186098,0
4 0.00195219 0.000187793,0
5 0.00185636 0.000197292,0
6 0.00181919 0.000167139,0
7 0.00159541 -1.29987e-05,0
8 0.00138407 -0.000137521,0
9 0.00129406 -9.01658e-05,0
10 0.00124967 9.35089e-05,0
11 0.00126959 8.13106e-05,0
12 0.00138975 -4.00951e-05,0
13 0.00123746 -0.00018431,0
14 0.0010208 -0.000609934,0
15 0.000957067 -0.000934098,0
16 0.00113737 -0.00110798,0
17 0.00137685 -0.0011896,0
18 0.0014296 -0.0012626,0
19 0.00128594 -0.00140355,0
20 0.00101037 -0.00138392,0
21 0.000835786 -0.00107194,0
22 0.000773841 -0.00084353,0
23 0.000784786 -0.00047179,0
24 0.000673259 -0.000309629,0
25 0.000678578 -0.000126402,0
26 0.00070642 -6.24352e-05,0
27 0.000617566 -0.000109504,0
28 0.000542257 -0.000152409,0
29 0.000592175 6.51477e-06,0
30 0.000605046 0.000297286,0
31 0.000455099 0.000513701,0
32 -0.000147524 0.000392038,0
0 -0.000254088 0.000943558,0
1 -0.000175379 0.000974259,0
2 -8.95921e-05 0.000942259,0
3 1.07667e-05 0.00105116,0
4 -0.0001368 0.00120584,0
5 -0.00033621 0.00126,0
6 -0.000416403 0.00129889,0
7 -0.00066448 0.00106011,0
8 -0.000803327 0.000747594,0
9 -0.000912263 0.000803997,0
10 -0.000879184 0.000846557,0
11 -0.00095721 0.000783147,0
12 -0.00111248 0.000652926,0
13 -0.00117115 0.000501602,0
14 -0.00121605 0.000472842,0
15 -0.00108115 0.000589887,0
16 -0.000933613 0.000680237,0
17 -0.000811549 0.000809477,0
18 -0.000731231 0.000799949,0
19 -0.000631657 0.000760487,0
20 -0.000572291 0.000736451,0
21 -0.000581519 0.000846655,0
22 -0.000554403 0.000898085,0
23 -0.000515997 0.000861371,0
24 -0.000590928 0.000790315,0
25 -0.000617215 0.000671521,0
26 -0.000487157 0.000567512,0
27 -0.00035586 0.000514899,0
28 -0.000249326 0.000536908,0
29 -0.000194797 0.000561871,0
30 -9.08752e-05 0.000494797,0
31 -5.16989e-05 0.000480403,0
32 -0.000975102 0.00083897,0
0 -0.00022051 0.00114027,0
1 -0.00015987 0.000502318,0
2 -0.000195673 0.000321518,0
3 -0.00026558 0.000440898,0
4 -0.000311128 0.000551626,0
5 -0.000158712 0.000490716,0
6 -1.78161e-05 0.000409674,0
7 7.0644e-06 0.000444528,0
8 4.00653e-05 0.000454419,0
9 1.31531e-05 0.00049249,0
10 3.63684e-05 0.000348209,0
11 9.70819e-05 0.000338744,0
12 7.1004e-05 0.000292886,0
13 -3.29713e-05 0.00038312,0
14 -7.73266e-05 0.000307835,0
15 -6.80767e-05 0.000254356,0
16 -9.46347e-05 0.000245564,0
17 -0.000129455 0.00025754,0
18 -8.86218e-05 0.000343884,0
19 3.05104e-05 0.000329187,0
20 0.000259058 0.000363492,0
21 0.000387459 0.000594407,0
22 0.000383554 0.000809952,0
23 0.000251853 0.000810937,0
24 0.000310946 0.000840002,0
25 0.000369694 0.00082574,0
26 0.000330512 0.000829556,0
27 0.000337003 0.000806957,0
28 0.000403467 0.000789303,0
29 0.000453457 0.000642626,0
30 0.000431667 0.000520507,0
31 0.000429086 0.000361387,0
32 0.000617636 0.000259772,0
0 -0.000347945 -0.000418973,0
1 -0.000416997 -0.00021381,0
2 -0.000617631 -0.000281294,0
3 -0.000724891 -0.000317579,0
4 -0.000825808 -0.000471153,0
5 -0.000822954 -0.0005624,0
6 -0.000742521 -0.000566762,0
7 -0.000655275 -0.000535295,0
8 -0.000682184 -0.000616703,0
9 -0.00069084 -0.00053499,0
10 -0.000628941 -0.000554215,0
11 -0.000619499 -0.000737084,0
12 -0.0004813 -0.000919945,0
13 -0.000285692 -0.00108115,0
14 -0.000117358 -0.00119207,0
15 7.88035e-05 -0.00127941,0
16 0.000217997 -0.00137721,0
17 0.000164586 -0.00135397,0
18 0.000195909 -0.00136228,0
19 0.000314923 -0.00124166,0
20 0.000320993 -0.001224,0
21 0.000313079 -0.00104536,0
22 0.000229648 -0.000851866,0
23 0.000148962 -0.000742058,0
24 5.40889e-05 -0.000739813,0
25 -9.33143e-07 -0.000594241,0
26 -5.32881e-05 -0.000495232,0
27 -0.00014789 -0.000317709,0
28 -0.000121262 -0.000170461,0
29 -4.51936e-05 -8.63214e-05,0
30 -7.89015e-05 -6.2639e-05,0
31 -0.000163134 0.000158135,0
32 0.000122081 -0.000270877,0
0 -0.000427603 0.000524968,0
1 -0.000611801 0.000496752,0
2 -0.000521289 0.000412218,0
3 -0.000413626 0.000344229,0
4 -0.000457086 0.000271203,0
5 -0.000514583 0.000275001,0
6 -0.000490395 0.00027692,0
7 -0.000494972 0.000254385,0
8 -0.000525798 0.000170218,0
9 -0.000459102 6.94448e-05,0
10 -0.000376955 -0.000133831,0
11 -0.000358992 -0.00027434,0
12 -0.000380899 -0.000326073,0
13 -0.000308859 -0.000459957,0
14 -0.000215783 -0.000659776,0
15 -0.000289787 -0.000677885,0
16 -0.000362898 -0.000735911,0
17 -0.000486273 -0.000840597,0
18 -0.000582926 -0.000771176,0
19 -0.000707527 -0.000524232,0
20 -0.000871155 -0.000404077,0
21 -0.000854878 -0.000460907,0
22 -0.00087373 -0.000505205,0
23 -0.000777688 -0.000434043,0
24 -0.000663177 -0.000476563,0
25 -0.00056298 -0.000391281,0
26 -0.000442128 -0.000312214,0
27 -0.000379938 -0.000415704,0
28 -0.000422202 -0.000473795,0
29 -0.00038907 -0.00041569,0
30 -0.000343636 -0.000440682,0
31 -0.00031008 -0.000442784,0
32 -0.000753325 -0.000520669,0
0 -0.00113965 0.00104491,0
1 -0.000452947 0.00043876,0
2 -0.000380394 0.000475407,0
3 -0.000342373 0.000469736,0
4 -0.000243 0.000433087,0
5 -0.00040742 0.000390081,0
6 -0.000340743 0.00031755,0
7 -0.000176911 0.000239206,0
8 8.8763e-05 0.000211578,0
9 0.000192091 0.000171075,0
10 0.000458592 -9.96344e-06,0
11 0.000783886 -0.000226828,0
12 0.00115358 -0.000331738,0
13 0.0014582 -0.000429827,0
14 0.00156984 -0.000542977,0
15 0.00179723 -0.000776194,0
16 0.00196351 -0.000988156,0
17 0.00194886 -0.00108849,0
18 0.00163766 -0.00117144,0
19 0.00140189 -0.00115859,0
20 0.00110512 -0.00104228,0
21 0.000948576 -0.000859421,0
22 0.000912813 -0.000767324,0
23 0.000874279 -0.000802462,0
24 0.000916962 -0.000615734,0
25 0.000974061 -0.000280267,0
26 0.00100125 9.86903e-05,0
27 0.00111889 0.000345147,0
28 0.00105157 0.000516476,0
29 0.00108706 0.000570178,0
30 0.00101771 0.000540278,0
31 0.0011342 0.000591135,0
32 0.00129766 0.000763904,0
0 0.000268336 5.44887e-05,0
1 0.000513167 2.68513e-05,0
2 0.000601809 -4.49974e-05,0
3 0.000602173 -8.83665e-05,0
4 0.000550502 -0.000162268,0
5 0.000662874 -0.000313921,0
6 0.000725844 -0.000665158,0
7 0.000628107 -0.000995792,0
8 0.000547843 -0.00111838,0
9 0.000638382 -0.00106025,0
10 0.000680454 -0.0010926,0
11 0.000679991 -0.0010931,0
12 0.000709652 -0.00109415,0
13 0.000839139 -0.00102161,0
14 0.000981598 -0.000898111,0
15 0.00104847 -0.000844658,0
16 0.00113183 -0.000776154,0
17 0.00108687 -0.000729526,0
18 0.000911576 -0.000739298,0
19 0.000812807 -0.00068719,0
20 0.000784473 -0.000589222,0
21 0.000776166 -0.000440753,0
22 0.000872805 -0.000342179,0
23 0.00104948 -0.000159465,0
24 0.0010486 -8.34223e-05,0
25 0.000908632 -0.00010691,0
26 0.000718708 -0.000151261,0
27 0.000607979 -6.14789e-05,0
28 0.000490779 0.000183095,0
29 0.000361731 0.000447289,0
30 0.00022255 0.000688849,0
31 0.000276248 0.000820134,0
32 0.000314729 0.00127847,0
0 0.000721929 -0.00152078,0
1 0.000892916 -0.00160565,0
2 0.00104024 -0.00153598,0
3 0.00104502 -0.0013511,0
4 0.000870599 -0.00122652,0
5 0.000808782 -0.0013298,0
6 0.000631727 -0.00129957,0
7 0.000510841 -0.000957995,0
8 0.000523377 -0.000753501,0
9 0.000415681 -0.000649438,0
10 7.74664e-05 -0.000485627,0
11 -5.4678e-05 -0.000384697,0
12 -0.000185463 -0.000433589,0
13 -9.4929e-05 -0.000530038,0
14 -0.000179711 -0.00076103,0
15 -0.000209979 -0.000864335,0
16 -0.000337572 -0.000771811,0
17 -0.00037236 -0.000832393,0
18 -0.000460096 -0.00111352,0
19 -0.000395888 -0.00123122,0
20 -0.000238145 -0.00132484,0
21 -0.000118363 -0.00132014,0
22 4.71652e-05 -0.00129576,0
23 0.000130979 -0.00137464,0
24 0.000269662 -0.00138033,0
25 0.000493505 -0.00130581,0
26 0.000717308 -0.00111334,0
27 0.000971065 -0.0010105,0
28 0.00104083 -0.000913782,0
29 0.00100082 -0.000714926,0
30 0.00102631 -0.000622513,0
31 0.00116306 -0.000376115,0
32 0.00107343 0.000879902,0
0 -0.000146448 -0.000524326,0
1 0.000438826 0.000258134,0
2 0.0004191 0.000728762,0
3 0.000412219 0.00112932,0
4 0.00026808 0.00142128,0
5 4.72094e-05 0.00158635,0
6 -0.000204921 0.00163517,0
7 -0.000326589 0.00174416,0
8 -0.000425667 0.00193925,0
9 -0.000455639 0.00193032,0
10 -0.000290748 0.00180683,0
11 -0.000167637 0.00170538,0
12 -0.000184692 0.00157019,0
13 -0.000149725 0.00147275,0
14 -0.000196344 0.00108396,0
15 -0.000382443 0.000688391,0
16 -0.000527795 0.000607225,0
17 -0.00071985 0.000460221,0
18 -0.000837757 0.000294107,0
19 -0.000755056 6.14405e-05,0
20 -0.00083554 -0.000130543,0
21 -0.000694375 -0.000201497,0
22 -0.000340094 -0.000201167,0
23 -4.02657e-05 -0.00028348,0
24 0.00015275 -0.000395636,0
25 0.000394566 -0.000353105,0
26 0.000594577 -0.000518605,0
27 0.000667636 -0.000621402,0
28 0.000648156 -0.000703743,0
29 0.00065097 -0.000739834,0
30 0.000687244 -0.000675847,0
31 0.000811838 -0.000590463,0
32 0.00120709 -0.000681567,0
0 -0.00263426 0.00498259,0
1 -0.00121806 0.00242916,0
2 -0.000390546 0.0028778,0
3 -0.000106367 0.00275339,0
4 -0.000167443 0.00194643,0
5 3.64499e-07 0.0012733,0
6 0.000294182 0.000930319,0
7 2.81372e-05 0.000875233,0
8 -0.00050084 0.00068729,0
9 -0.000595296 0.000525663,0
10 -0.000851244 0.000764193,0
11 -0.000936443 0.000972714,0
12 -0.00151796 0.00147808,0
13 -0.00191113 0.00202722,0
14 -0.00222768 0.00193737,0
15 -0.00252576 0.00124351,0
16 -0.00195438 0.00112716,0
17 -0.00167986 0.00109899,0
18 -0.00199708 0.000937347,0
19 -0.00235609 0.000927135,0
20 -0.00251128 0.000380723,0
21 -0.00289377 -0.000507988,0
22 -0.00320129 -0.000611671,0
23 -0.00263913 -0.000835502,0
24 -0.00169694 -0.00122602,0
25 -0.00131941 -0.00103178,0
26 -0.0011106 -0.00055623,0
27 -0.00140739 -3.92062e-05,0
28 -0.00158054 0.00025294,0
29 -0.00126947 -0.000458736,0
30 -0.00124993 -0.00111975,0
31 -0.00111779 -0.00122472,0
32 0.00110918 -0.00140325,0
0 -0.000101879 -0.000278019,0
1 -0.000294234 -0.001136,0
2 -0.000482642 -0.000989699,0
3 -0.000788738 -0.000864871,0
4 -0.00100042 -0.00053903,0
5 -0.000998614 -0.000422644,0
6 -0.00121008 -0.00038261,0
7 -0.00129313 -0.000138341,0
8 -0.00148709 0.000273659,0
9 -0.00176786 0.000426933,0
10 -0.00181904 0.000499489,0
11 -0.00163313 0.000510943,0
12 -0.00157538 0.000531978,0
13 -0.00139233 0.000426633,0
14 -0.00120511 0.000197522,0
15 -0.0012009 3.43053e-05,0
16 -0.00113425 2.03218e-05,0
17 -0.000962766 6.18526e-05,0
18 -0.000804763 0.000259951,0
19 -0.000677279 0.000575239,0
20 -0.000582244 0.000800645,0
21 -0.000491062 0.000995709,0
22 -0.00041299 0.00109301,0
23 -0.000327853 0.00114266,0
24 -0.000277369 0.00120299,0
25 -0.000204027 0.00110515,0
26 -0.000121951 0.000979652,0
27 -6.06017e-06 0.000834737,0
28 0.000189244 0.000708113,0
29 0.000257469 0.000706522,0
30 0.00018475 0.00072747,0
31 0.000152364 0.000670739,0
32 0.000364525 0.000718265,0
0 0.000797574 -0.000441131,0
1 0.000453792 -0.000886581,0
2 0.000441651 -0.00104008,0
3 0.000551207 -0.00106061,0
4 0.00061617 -0.000900715,0
5 0.000478117 -0.000809032,0
6 0.000464775 -0.000716029,0
7 0.000390675 -0.000537812,0
8 0.000277264 -0.000530524,0
9 0.000201596 -0.000489469,0
10 -1.79834e-05 -0.000386038,0
11 -0.000187433 -0.000253753,0
12 -0.000317103 -0.000227315,0
13 -0.00028972 -0.000101968,0
14 -0.000245862 -2.05203e-05,0
15 -0.000330319 -1.30648e-05,0
16 -0.000473785 -6.87932e-05,0
17 -0.000639535 -0.000250582,0
18 -0.000825101 -0.000375795,0
19 -0.000931203 -0.000341607,0
20 -0.00101387 -0.000414394,0
21 -0.00106844 -0.000492571,0
22 -0.00108112 -0.000511513,0
23 -0.0011691 -0.000403998,0
24 -0.0012651 -0.000356199,0
25 -0.00127434 -0.000340684,0
26 -0.00139618 -0.000369495,0
27 -0.00150266 -0.000363656,0
28 -0.00152317 -0.000407962,0
29 -0.00151939 -0.00050146,0
30 -0.00144802 -0.000412011,0
31 -0.00138596 -0.000447765,0
32 -0.00040899 -0.00115779,0
0 0.00124685 -0.000720355,0
1 0.000727855 -0.00107227,0
2 0.000846792 -0.00103322,0
3 0.000729969 -0.000874368,0
4 0.000504798 -0.000732027,0
5 0.000271468 -0.000672405,0
6 0.000102069 -0.000612073,0
7 0.000233985 -0.000530854,0
8 0.000161264 -0.000473226,0
9 6.39212e-05 -0.000413914,0
10 9.87321e-05 -0.000246374,0
11 3.35289e-05 -1.66266e-05,0
12 -0.000100208 0.000254228,0
13 -0.000208303 0.000466638,0
14 -0.000204669 0.000582427,0
15 -0.000260194 0.000611276,0
16 -0.000198248 0.00071348,0
17 -7.61652e-05 0.000808335,0
18 -0.000101261 0.000814493,0
19 -0.000184554 0.000805259,0
20 -0.000353273 0.000798921,0
21 -0.000638074 0.00085514,0
22 -0.000716315 0.000820439,0
23 -0.000648177 0.000734099,0
24 -0.000696438 0.000721557,0
25 -0.000879531 0.000797607,0
26 -0.000780068 0.000850373,0
27 -0.00057372 0.000666366,0
28 -0.000481789 0.000520223,0
29 -0.000442692 0.000373766,0
30 -0.000389983 7.35598e-05,0
31 -0.000313219 -2.34557e-05,0
32 -0.0001496 0.00126875,0
0 -0.000312926 -0.0014773,0
1 -7.28868e-05 -0.000773704,0
2 -4.82809e-05 -0.000949022,0
3 7.92568e-06 -0.0010666,0
4 -3.06783e-05 -0.0010968,0
5 -4.33964e-05 -0.000885025,0
6 9.84433e-05 -0.00071451,0
7 3.56518e-05 -0.000620198,0
8 2.84159e-06 -0.000700833,0
9 -4.18971e-06 -0.000834866,0
10 3.70243e-05 -0.000874997,0
11 9.18359e-05 -0.000722284,0
12 0.000263811 -0.000540763,0
13 0.000473789 -0.000213268,0
14 0.000549933 -6.33055e-05,0
15 0.00043036 -2.61373e-05,0
16 0.000295868 -9.20312e-05,0
17 0.000272857 -0.000112612,0
18 0.000207153 -0.000192399,0
19 0.000102895 -0.000339322,0
20 0.000118432 -0.000388755,0
21 6.22092e-05 -0.000307654,0
22 4.09283e-05 -0.000239899,0
23 5.98744e-05 -0.000156128,0
24 -9.42425e-06 -6.67148e-05,0
25 3.20955e-05 2.97395e-06,0
26 0.000184051 3.24498e-05,0
27 0.000276416 6.89769e-05,0
28 0.000483954 0.000144472,0
29 0.000673884 0.000294971,0
30 0.000780554 0.000385804,0
31 0.000775848 0.000440365,0
32 0.000565076 0.00091546,0
