50 25 1 0 1
0 0.00119163 -0.000463945
1 0.0011406 -0.0012321
2 0.00133984 -0.00107044
3 0.00152577 -0.000944126
4 0.00199714 -0.000832848
5 0.00291891 -0.000592543
6 0.00365135 -6.6263e-05
7 0.00320899 -5.8221e-05
8 0.00290221 0.000313136
9 0.00294508 0.000743001
10 0.00238207 0.00108829
11 0.00173479 0.0014169
12 0.00125546 0.00156885
13 0.000709896 0.00153477
14 0.000181464 0.00128637
15 -0.000453303 0.00105381
16 -0.000743909 0.000519087
17 -0.000368735 -0.000102416
18 -9.22356e-05 -0.000613138
19 0.000570502 -0.00156945
20 0.00141084 -0.00207727
21 0.00202817 -0.00227209
22 0.00209799 -0.00254398
23 0.00178726 -0.00259041
24 0.000662935 -0.00166301
0 0.000278721 0.0022387
1 0.000693773 0.00137767
2 0.000587704 0.00156056
3 0.000614095 0.00144371
4 0.00063229 0.00137616
5 0.000476147 0.00148498
6 8.28583e-05 0.0013494
7 -0.00032684 0.00135579
8 -0.000635517 0.00155596
9 -0.00075258 0.00151413
10 -0.000577645 0.00126585
11 -0.000463493 0.00125344
12 -0.000389156 0.00128723
13 -0.000399257 0.00140489
14 -0.000430793 0.00135044
15 -0.000330519 0.00117801
16 4.33409e-05 0.00126753
17 0.000303801 0.00135218
18 0.000567562 0.00115827
19 0.000791016 0.000939501
20 0.00100757 0.00073873
21 0.00126366 0.000578734
22 0.00125918 0.00039901
23 0.00111926 0.000277533
24 0.00122926 -0.000420531
0 0.00155549 0.00140392
1 5.55093e-05 0.00369516
2 0.000322993 0.00422852
3 0.000554338 0.00435079
4 0.00075721 0.00400135
5 0.00103465 0.00412098
6 0.000999095 0.00470032
7 0.000947266 0.00499151
8 0.00106513 0.00468985
9 0.000661692 0.00412349
10 -3.97322e-05 0.0031262
11 -0.000531422 0.00226004
12 -0.000299775 0.00226106
13 -0.00014714 0.00184945
14 -0.000470994 0.000963074
15 -0.000785712 0.000589867
16 -0.00113899 -0.000297769
17 -0.00151517 -0.000850105
18 -0.00125357 -0.00097059
19 -0.00149933 -0.00144651
20 -0.00162205 -0.00192277
21 -0.0015137 -0.00176038
22 -0.00156512 -0.00169116
23 -0.00102804 -0.00198822
24 0.00172132 -0.00123085
0 0.00401436 -0.00211698
1 0.00253381 -0.000608907
2 0.00299861 -0.000545887
3 0.00408577 -0.000578348
4 0.00463188 -0.000208302
5 0.00484478 -1.29681e-05
6 0.00488504 0.000224553
7 0.00476847 0.000457251
8 0.00444134 0.000765009
9 0.00393116 0.00062751
10 0.00356201 -0.000553922
11 0.0032995 -0.00151092
12 0.00274096 -0.00129247
13 0.00197567 -0.00143157
14 0.00134895 -0.00129034
15 0.000464706 -0.00142755
16 -0.000230242 -0.00165181
17 -0.000439691 -0.00187964
18 -0.000681021 -0.00161716
19 -0.00142398 -0.00109861
20 -0.00160233 -0.00102141
21 -0.00218108 -0.00125219
22 -0.00262151 -0.00132286
23 -0.00268748 -0.00149263
24 0.00041252 0.00103945
0 0.00226907 -0.0028069
1 0.00305146 -0.00104923
2 0.00347039 -0.000630952
3 0.00364532 -0.000234753
4 0.003795 -0.000227421
5 0.00357222 9.17938e-05
6 0.00337047 0.000140731
7 0.00295389 0.000302292
8 0.00246797 0.00062304
9 0.00238635 0.000742696
10 0.00201537 0.000859678
11 0.00173234 0.00102463
12 0.00174768 0.00132366
13 0.00155381 0.0019527
14 0.00147454 0.00226909
15 0.00141757 0.00263689
16 0.0013581 0.0026165
17 0.00131067 0.00287656
18 0.0012697 0.00259986
19 0.00116747 0.00197172
20 0.00134312 0.00147454
21 0.0012776 0.00100355
22 0.00136199 0.000686713
23 0.00107725 0.00031869
24 0.000197967 -0.000872402
0 0.00172118 -0.000411022
1 0.00280631 0.0001696
2 0.00265242 -0.000804045
3 0.00203236 -0.00128899
4 0.0013369 -0.00192685
5 0.000827013 -0.00231661
6 0.000556197 -0.00211903
7 0.000218832 -0.00158959
8 9.12251e-05 -0.0014767
9 4.73321e-05 -0.00182831
10 7.71978e-05 -0.00219373
11 0.000402083 -0.00196886
12 0.00029296 -0.00124312
13 0.000335464 -0.000753876
14 -0.000176712 -0.000559625
15 -0.000496111 -0.000501751
16 -0.000160621 -0.000197689
17 0.000339184 -0.000163747
18 0.00121685 -0.000294304
19 0.00194551 -0.000244108
20 0.00230425 -0.000397236
21 0.00202908 -0.000659041
22 0.00200452 -0.000722646
23 0.00193408 -0.000725727
24 0.00121456 0.000505503
0 -0.000319596 0.00118829
1 0.000890492 0.00121188
2 0.000897316 0.00146823
3 0.000669764 0.00175963
4 0.000895637 0.0017807
5 0.00119467 0.00158863
6 0.00106439 0.00155993
7 0.000624441 0.0015598
8 0.000118275 0.00159373
9 -0.00019121 0.00149896
10 -0.00105281 0.00147338
11 -0.00168947 0.00103407
12 -0.00199642 0.000677852
13 -0.00266971 0.00052045
14 -0.00304616 0.000298866
15 -0.0029441 0.000255438
16 -0.00255379 -0.000159955
17 -0.00238797 -0.000124022
18 -0.00228797 0.000105256
19 -0.001858 0.000389211
20 -0.00163742 0.000634495
21 -0.00159713 0.000908114
22 -0.00132624 0.000977029
23 -0.000786874 0.000591435
24 -0.00256235 -0.00207846
0 -0.000780345 -0.00249332
1 -0.00158091 -0.00241555
2 -0.00123819 -0.00222673
3 -0.000774293 -0.00196704
4 -0.000255123 -0.00139095
5 0.000172609 -0.0010067
6 0.000148188 -0.00069967
7 0.000313747 -0.00045241
8 0.000432131 -0.000249702
9 0.000399912 -0.000199452
10 0.000257017 6.15342e-05
11 8.49088e-05 0.000558381
12 0.000227547 0.000602407
13 0.000447493 0.000739048
14 0.000431971 0.000871694
15 0.000333422 0.000875989
16 0.000211757 0.00090756
17 0.000177613 0.00104732
18 0.000240711 0.00103685
19 0.000134593 0.00129356
20 -4.27292e-05 0.00163833
21 -0.000328617 0.00201595
22 -0.000632306 0.00213598
23 -0.000754649 0.00197956
24 0.000484458 0.00145105
0 -0.00118566 -7.36254e-05
1 -0.00125737 -0.000850798
2 -0.00104305 -0.000868219
3 -0.000780827 -0.000768569
4 -0.000679627 -0.000734443
5 -0.000951723 -0.000790889
6 -0.00087049 -0.000834792
7 -0.000596873 -0.000726116
8 -0.000182683 -0.000406846
9 0.000193707 -0.00028266
10 0.000426326 -0.000256889
11 0.000393747 -0.000461766
12 0.000371023 -0.000874301
13 0.000539769 -0.00101589
14 0.000617791 -0.00110122
15 0.000587352 -0.00130819
16 0.000375149 -0.00135669
17 -0.000121755 -0.00159013
18 -0.000493228 -0.0018682
19 -0.000575733 -0.00201354
20 -0.000933433 -0.00229069
21 -0.00113776 -0.00259927
22 -0.00122683 -0.00282721
23 -0.00129167 -0.0027164
24 -0.00108623 -0.00411069
0 0.00095139 0.000369562
1 -0.00100751 -0.000733865
2 -0.000837119 -0.00112747
3 -0.000676338 -0.00134972
4 -0.000876588 -0.00164367
5 -0.000981165 -0.00164476
6 -0.000799595 -0.00158184
7 -0.000200955 -0.00132923
8 0.00024242 -0.00117156
9 0.000479295 -0.00116507
10 0.000183908 -0.00166183
11 -9.19105e-05 -0.00192208
12 3.42857e-05 -0.00190031
13 0.000349551 -0.00219115
14 0.000836541 -0.00208288
15 0.00127016 -0.00196109
16 0.00153731 -0.00190365
17 0.00163287 -0.00168811
18 0.00185 -0.00160995
19 0.00208896 -0.0016817
20 0.00226406 -0.00171279
21 0.00248577 -0.00143537
22 0.00246984 -0.00113475
23 0.0024503 -0.000834557
24 0.00329499 0.000578572
0 -0.00114703 0.000815839
1 -0.00152552 0.000123052
2 -0.00166627 0.000196695
3 -0.00186938 0.000217928
4 -0.00198112 0.000544818
5 -0.00182389 0.00056691
6 -0.00182818 0.000822462
7 -0.00198809 0.000975386
8 -0.0020553 0.000997869
9 -0.00189467 0.00125573
10 -0.00173833 0.00143896
11 -0.00179248 0.00150457
12 -0.00195904 0.00140549
13 -0.00211444 0.00141587
14 -0.00231153 0.00154516
15 -0.00232117 0.00179644
16 -0.0022311 0.00201925
17 -0.00245517 0.00199436
18 -0.00268792 0.00184027
19 -0.00234992 0.00125994
20 -0.00206707 0.000769273
21 -0.00165751 0.000509359
22 -0.00116398 0.000302692
23 -0.00106315 0.00032712
24 -0.00161931 0.000154211
0 -0.00138698 -0.00106564
1 0.00101107 0.000178616
2 0.00157749 0.000735089
3 0.00183656 0.000648598
4 0.00198201 0.000434784
5 0.00227268 0.000908681
6 0.00179304 0.00122804
7 0.00128209 0.00115225
8 0.00128906 0.00113447
9 0.000928723 0.00150359
10 0.000559485 0.00139505
11 0.000380377 0.000876564
12 -0.000103776 0.000412229
13 -0.0004883 9.48053e-05
14 -0.000703778 -0.000203835
15 -0.000813731 -8.65476e-05
16 -0.000791496 0.000385051
17 -0.0010937 0.00035044
18 -0.00107398 -0.000188851
19 -0.000870333 -0.000680877
20 -0.000448274 -0.000746758
21 -0.000147788 -0.000952459
22 5.16651e-05 -0.00117468
23 0.000176075 -0.00111728
24 0.00171264 -0.00178173
0 0.00175915 -0.000126521
1 0.00163708 0.00155837
2 0.00108891 0.0012998
3 0.000738915 0.000757794
4 0.000358226 0.000196658
5 0.000622271 -0.000529613
6 0.000922929 -0.00118328
7 0.00121488 -0.00210276
8 0.00105146 -0.00300217
9 0.000954403 -0.00352674
10 0.000872974 -0.00375362
11 0.000464007 -0.00370781
12 0.000162657 -0.00367677
13 -1.52705e-06 -0.00367333
14 -0.000296426 -0.00319408
15 -0.000151297 -0.00293658
16 0.000305737 -0.00266108
17 0.000236605 -0.00195775
18 -0.000348122 -0.00152144
19 -0.000699208 -0.00083034
20 -0.00069742 -0.000561646
21 -0.000582286 -0.000869483
22 -0.000466156 -0.000992934
23 -0.000633085 -0.000630363
24 -0.000950297 -0.00103466
0 0.00117454 0.00289929
1 -0.000762863 0.00565452
2 -0.000706037 0.0059444
3 -0.000549962 0.00618471
4 -0.000701797 0.00555978
5 -0.000502767 0.00516378
6 -0.000326821 0.00499808
7 -9.25752e-05 0.00471601
8 0.000942906 0.00466824
9 0.00150344 0.00489685
10 0.00212778 0.00466029
11 0.00228828 0.00433424
12 0.00180896 0.00376903
13 0.00135105 0.00318076
14 0.000723574 0.00230896
15 0.000460216 0.00185953
16 0.00083585 0.00128032
17 0.000714726 0.00052301
18 0.000335329 -0.000157662
19 -0.000188871 -0.00062296
20 -0.000217443 -0.00130427
21 -1.23445e-05 -0.00229079
22 0.000434885 -0.00337176
23 0.000648513 -0.00382805
24 0.000226311 -0.00206467
0 0.000825953 -0.00144133
1 0.000820166 -0.00296274
2 0.000256433 -0.00273737
3 -0.000252202 -0.00201921
4 -0.000294526 -0.00160657
5 -3.45007e-06 -0.00124755
6 0.000501821 -0.000861328
7 0.000523729 -0.000734597
8 0.000174557 -0.00100495
9 -9.44257e-05 -0.000815214
10 -0.000503218 -0.0006607
11 -0.000851947 -0.000826862
12 -0.00102677 -0.00070622
13 -0.00108135 -0.000708947
14 -0.000985974 -0.000587294
15 -0.00112475 -0.000586212
16 -0.000971744 -0.000749494
17 -0.000995656 -0.000862347
18 -0.00076216 -0.00049056
19 -8.72047e-06 -0.000154517
20 0.000698968 -7.16813e-05
21 0.00112944 -0.00014348
22 0.00146067 -0.00017582
23 0.00147425 0.000253266
24 -0.000356738 -0.000138822
0 -0.00188148 0.000390661
1 -0.00103959 -0.000109978
2 -0.00102762 -0.000270456
3 -0.0014353 -0.000643447
4 -0.00180422 -0.000942587
5 -0.0019878 -0.00116189
6 -0.00203269 -0.00130378
7 -0.0018875 -0.00120864
8 -0.00138419 -0.00131604
9 -0.00118645 -0.00156291
10 -0.00107393 -0.00145733
11 -0.00103177 -0.00137542
12 -0.000897173 -0.00127485
13 -0.000809485 -0.000992897
14 -0.000567803 -0.000726816
15 -0.000445307 -0.000670915
16 -0.000316062 -0.000503084
17 -9.68449e-05 -0.000436286
18 0.000194507 -0.000279471
19 0.000468481 -0.000229789
20 0.000952062 -0.000533627
21 0.00104004 -0.000918684
22 0.00127034 -0.00132179
23 0.00142073 -0.00144867
24 -6.28432e-05 -0.00021854
0 0.000274217 0.00736022
1 0.00294635 0.00320492
2 0.00380374 0.00272168
3 0.00428316 0.00272777
4 0.00412095 0.00298228
5 0.00425876 0.00269953
6 0.00363175 0.00237124
7 0.00293258 0.0023063
8 0.00224017 0.00221004
9 0.00165273 0.00266436
10 0.000851575 0.003437
11 0.000779733 0.00383759
12 0.00111014 0.00471765
13 0.00129631 0.00550234
14 0.00139949 0.00631778
15 0.00112659 0.00665425
16 0.00148686 0.00696138
17 0.00153886 0.00702928
18 0.00127809 0.00648581
19 0.00166261 0.00645149
20 0.00240349 0.00618267
21 0.00365027 0.00535741
22 0.00403221 0.0043427
23 0.00371498 0.0033295
24 0.00184748 -0.00152583
0 -0.00320435 -0.00215456
1 -0.00203134 -0.00157711
2 -0.00216153 -0.00178371
3 -0.00205354 -0.00184999
4 -0.00207754 -0.00212875
5 -0.00231547 -0.00226581
6 -0.00219498 -0.0019772
7 -0.00222745 -0.00144871
8 -0.00209575 -0.000624874
9 -0.00179365 -0.000155511
10 -0.00160067 0.000408094
11 -0.00151798 0.000730699
12 -0.0013968 0.000972048
13 -0.00131982 0.00110854
14 -0.00122829 0.00136008
15 -0.00125072 0.00162247
16 -0.00109844 0.00163102
17 -0.00078785 0.00154826
18 -0.000363421 0.00152396
19 -0.000123177 0.00137358
20 8.54222e-05 0.00139386
21 -6.62135e-05 0.00136153
22 4.28757e-05 0.00145208
23 -1.06634e-05 0.00163423
24 0.00071953 0.00260083
0 -0.000986437 0.000328668
1 0.000327815 0.00152192
2 0.000251388 0.00133474
3 -0.000267498 0.00150066
4 -0.000320987 0.00169623
5 -0.000431829 0.00161509
6 -0.000782978 0.00136174
7 -0.000861313 0.0010325
8 -0.000835334 0.000472991
9 -0.000662874 0.000304671
10 -0.000202393 -6.76616e-05
11 0.000258377 -0.000581678
12 0.000434232 -0.000907753
13 0.00076006 -0.00103639
14 0.00114848 -0.000810741
15 0.0015077 -0.000639545
16 0.0016426 -0.000380265
17 0.00132744 -5.82635e-05
18 0.00120611 0.000241668
19 0.00125268 0.000636891
20 0.00129303 0.000691737
21 0.00125776 0.000638096
22 0.00103944 0.000688814
23 0.000557421 0.000364922
24 0.000122765 -0.000149435
0 -0.00281844 0.00201591
1 -0.00326455 0.00138605
2 -0.00285977 0.0016771
3 -0.00239311 0.00155453
4 -0.00177262 0.00102607
5 -0.00138773 0.000330675
6 -0.00163994 -0.00056346
7 -0.00169774 -0.0011404
8 -0.0018995 -0.00089274
9 -0.00197981 -0.000871024
10 -0.00200882 -0.000805124
11 -0.00180075 -0.000440461
12 -0.00185559 4.73673e-05
13 -0.00177106 5.67009e-05
14 -0.00157329 0.00018144
15 -0.00125394 0.000249574
16 -0.00116305 0.000269095
17 -0.00100155 0.000356434
18 -0.00094263 0.000352837
19 -0.00100814 0.000494215
20 -0.00114361 0.000673751
21 -0.00107639 0.000820242
22 -0.00116704 0.00136667
23 -0.000985068 0.00193405
24 -0.00080695 0.0011988
0 0.00380247 -0.00393364
1 0.00378885 -0.00345927
2 0.00317799 -0.00402692
3 0.00259979 -0.00409066
4 0.00178537 -0.00415637
5 0.00096243 -0.0048493
6 0.000504639 -0.00477916
7 0.000118484 -0.00496781
8 6.64498e-05 -0.00487097
9 0.000436189 -0.00469823
10 0.000614046 -0.00411958
11 0.000891406 -0.00338538
12 0.00115284 -0.00282406
13 0.00162475 -0.00212086
14 0.00158258 -0.00121755
15 0.00160783 -0.000442222
16 0.00133771 -0.000113313
17 0.00118394 0.00024893
18 0.00155981 0.000530157
19 0.00174378 0.000385227
20 0.00149972 0.000169189
21 0.00142558 -0.000233812
22 0.00115126 -0.000547019
23 0.000594064 -0.000759918
24 -0.000467099 -0.00136947
0 -0.00320673 0.00160958
1 -0.00094312 0.000321556
2 -0.00150838 4.57296e-05
3 -0.00191546 4.06052e-05
4 -0.00247446 0.000488341
5 -0.00258182 0.00147806
6 -0.00272789 0.0018994
7 -0.00299161 0.00200275
8 -0.00321657 0.00275943
9 -0.00286613 0.00334034
10 -0.00241781 0.00322345
11 -0.00226663 0.00304266
12 -0.00202241 0.00273783
13 -0.00183743 0.00284936
14 -0.00157394 0.00278201
15 -0.00123924 0.00235515
16 -0.00107122 0.00173746
17 -0.000557905 0.00149593
18 0.00018173 0.00127394
19 0.00067902 0.00137167
20 0.00133898 0.00160843
21 0.0014112 0.00170096
22 0.00121592 0.00177227
23 0.000928465 0.00182613
24 0.00111673 0.00153553
0 -0.000601752 0.00157021
1 -0.000482414 0.00163091
2 -0.000239968 0.00173609
3 -1.47061e-05 0.00145634
4 -2.88723e-05 0.0011045
5 -0.00057059 0.000979862
6 -0.000703235 0.000721116
7 -0.00112876 0.000317534
8 -0.00136295 5.34616e-05
9 -0.00148707 -0.00018406
10 -0.00145358 -0.000522729
11 -0.00169686 -0.00088406
12 -0.0017259 -0.00103599
13 -0.0014155 -0.000807492
14 -0.00116936 -0.000678721
15 -0.00109201 -0.000693651
16 -0.00127222 -0.000543818
17 -0.00130208 -0.000373803
18 -0.00116195 -0.0002691
19 -0.00108593 -0.000420171
20 -0.00129449 -0.00072925
21 -0.00142294 -0.000896548
22 -0.00159142 -0.000935913
23 -0.00168888 -0.0011367
24 -0.000489585 -0.00228208
0 0.00156048 -0.000816577
1 0.000914861 -0.000234668
2 0.00100523 -0.00037353
3 0.000507723 -0.000793476
4 0.000132732 -0.000631128
5 0.00014009 -0.00076233
6 0.000280027 -0.000928079
7 0.00041523 -0.000755799
8 0.000599554 -0.000701355
9 0.00102671 -0.000642551
10 0.00144304 -0.000432825
11 0.00159412 -0.000608468
12 0.00130686 -0.000766992
13 0.00113818 -0.00110072
14 0.00136845 -0.000995683
15 0.00138258 -0.000660589
16 0.00149954 -0.000290192
17 0.00128497 0.000110599
18 0.00106993 0.000111602
19 0.00111054 -6.50601e-05
20 0.000825232 -0.000569835
21 0.000725636 -0.000511972
22 0.000502025 -0.00062623
23 0.000623359 -0.000910151
24 0.00249985 -0.00220786
0 -0.00217011 0.000939638
1 -0.00109442 -0.000923457
2 -0.000865056 -0.00110105
3 -0.000455465 -0.00144361
4 -2.52332e-05 -0.00184344
5 0.000865939 -0.00185354
6 0.00153713 -0.00164184
7 0.00206958 -0.00125772
8 0.00226599 -0.000473083
9 0.00179117 0.000142934
10 0.00151438 -3.55294e-05
11 0.00176924 -0.000328578
12 0.00248845 0.00021723
13 0.00283284 0.000382682
14 0.00282136 -1.36224e-05
15 0.00324379 -0.00075887
16 0.00393324 -0.0006401
17 0.00394448 -0.000630067
18 0.00353564 -0.000518728
19 0.00285069 -0.000656592
20 0.00220842 -0.000885506
21 0.00213872 -0.000654077
22 0.00180665 -0.000126818
23 0.00136695 0.000865836
24 0.00154854 4.13192e-05
0 -0.00192686 -0.00420005
1 -0.000746534 -0.00314711
2 -0.000591272 -0.00359509
3 -0.000155206 -0.00399759
4 0.000358751 -0.00393571
5 0.000728532 -0.00385813
6 0.000517943 -0.00389261
7 0.000621129 -0.00395304
8 0.00047112 -0.0032639
9 0.000520293 -0.00269499
10 0.000678132 -0.00243649
11 0.000851035 -0.00183315
12 0.000885004 -0.00130704
13 0.000869139 -0.000954373
14 0.000435919 -0.000341005
15 -0.000271341 0.000417856
16 -0.000469095 0.000750363
17 -0.000478102 0.000907326
18 -0.000822018 0.000846596
19 -0.000741169 0.000503647
20 -0.000121519 0.000115034
21 0.000101318 0.000191859
22 0.000647786 0.000155368
23 0.000846689 8.42975e-05
24 0.00181756 0.000906398
0 -0.00101191 -0.00382791
1 4.64218e-06 -0.00200138
2 -7.92266e-05 -0.00141491
3 -0.000310155 -0.000949
4 -0.000163092 -0.000354283
5 0.000196919 0.000413903
6 0.000228538 0.000848109
7 -2.83647e-05 0.00105514
8 0.000222195 0.00097408
9 0.000786884 0.00114272
10 0.000894706 0.00133832
11 0.000590974 0.00144534
12 0.000388609 0.0013206
13 0.000115346 0.00102114
14 0.000240822 0.000837433
15 0.000321985 0.000821957
16 0.000309737 0.000906574
17 0.000513121 0.000886375
18 0.000531815 0.00120408
19 0.000667523 0.00164378
20 0.000752309 0.00193805
21 0.0010576 0.00206485
22 0.00100934 0.00226305
23 0.00104478 0.00254917
24 0.00224617 0.00230959
0 -0.00170916 -0.00175271
1 -0.000944373 -0.000198573
2 -0.000330445 -0.000288137
3 -5.50144e-05 -0.000369431
4 1.45086e-05 -5.66586e-05
5 0.000345921 0.000324272
6 0.000705452 0.000803612
7 0.000887688 0.0011531
8 0.000706893 0.00089505
9 0.000641861 0.000719461
10 0.000330984 0.000734508
11 -5.43655e-05 0.000606508
12 -0.000509993 0.000190868
13 -0.000711607 0.000172738
14 -0.000945305 0.000162811
15 -0.000743048 2.40225e-05
16 -0.000773657 -9.21855e-05
17 -0.000990964 -0.000233746
18 -0.000973576 -0.000245852
19 -0.000767757 -0.000250502
20 -0.00104574 -2.45603e-05
21 -0.00110963 0.000317036
22 -0.000918969 0.000389949
23 -0.000846053 0.000458788
24 -0.000651099 -0.000497073
0 -0.000791811 0.00108815
1 -0.000457712 -0.000982403
2 -0.000378343 -0.00128407
3 -0.000442105 -0.0014677
4 -0.000321489 -0.00179456
5 -0.000301269 -0.00213724
6 -0.000298824 -0.00230491
7 -0.000260379 -0.00225937
8 -0.00043935 -0.0021755
9 -0.000959519 -0.00202361
10 -0.00135691 -0.00189982
11 -0.00155704 -0.00177467
12 -0.00149038 -0.00165028
13 -0.00177693 -0.00157976
14 -0.00192186 -0.00153575
15 -0.00206313 -0.00145964
16 -0.00217237 -0.00142845
17 -0.00217358 -0.00139884
18 -0.00206122 -0.00139996
19 -0.00209775 -0.00111549
20 -0.00232792 -0.000670552
21 -0.00259975 -0.00036992
22 -0.00261616 -9.7748e-05
23 -0.00250755 6.87531e-05
24 -0.00248805 0.00140136
0 -2.37549e-05 0.000167829
1 -4.4219e-05 0.00138671
2 -0.000370281 0.00103953
3 -0.000443194 0.00061942
4 -8.37145e-05 8.81708e-05
5 4.92763e-05 -0.000163743
6 9.45108e-05 -0.000439376
7 0.000161889 -0.000376141
8 0.000185921 -0.000193641
9 -4.03435e-05 -1.5909e-05
10 -8.56918e-06 0.000182911
11 0.000126234 0.000490341
12 0.000280798 0.000828458
13 0.000147262 0.00119985
14 -0.000154676 0.00146183
15 -0.000194238 0.00182349
16 -0.000214746 0.00200557
17 -0.000285448 0.00189585
18 -0.000732243 0.00191849
19 -0.00130707 0.00191543
20 -0.00185148 0.00190241
21 -0.00222953 0.00164378
22 -0.00206515 0.0014257
23 -0.00181338 0.00147525
24 -7.19998e-05 0.00206504
0 0.000456942 0.00293598
1 0.00245369 0.00183365
2 0.00201133 0.00178211
3 0.00155904 0.00164805
4 0.00151321 0.00150836
5 0.001733 0.00141398
6 0.00181213 0.00107426
7 0.00197116 0.000704436
8 0.00263143 0.000533403
9 0.00272792 9.72561e-05
10 0.00282908 -9.22311e-05
11 0.00273154 -0.000681631
12 0.0021508 -0.0011166
13 0.00173354 -0.00140234
14 0.00151393 -0.00150228
15 0.000944205 -0.00134707
16 0.000718677 -0.00134078
17 0.000383489 -0.0011514
18 7.55268e-05 -0.00102089
19 -1.59617e-05 -0.000860649
20 -0.000352488 -0.000890198
21 -0.000445981 -0.000890917
22 -0.000686144 -0.000584847
23 -0.00066112 -0.000286067
24 -0.00126378 -0.00110892
0 0.00279248 -0.00104589
1 0.0025774 -0.00111141
2 0.00274803 -0.00134516
3 0.00296095 -0.00157083
4 0.00240457 -0.0013117
5 0.0020341 -0.00160893
6 0.00168184 -0.00178513
7 0.000737001 -0.00203749
8 0.000295477 -0.0019258
9 7.20615e-05 -0.00135323
10 -0.000193201 -0.000817426
11 -0.000430826 -0.000449967
12 -0.000793666 -0.000338084
13 -0.000839068 -3.15859e-05
14 -0.000594584 0.000723053
15 -0.000511132 0.00167339
16 -0.000558618 0.00253065
17 -0.000923022 0.00282065
18 -0.0010601 0.00263613
19 -0.00104746 0.0024126
20 -0.00142333 0.00224913
21 -0.00185305 0.00208527
22 -0.00233549 0.00215674
23 -0.00266333 0.00206158
24 -0.00109133 0.00270201
0 0.000726354 -0.0011319
1 -0.000601176 -0.00114954
2 -0.000808445 -0.00139574
3 -0.00110662 -0.0017537
4 -0.00127062 -0.00156327
5 -0.00123441 -0.00119072
6 -0.00103444 -0.00114386
7 -0.000718947 -0.00121651
8 -0.000577778 -0.00130131
9 -0.00094559 -0.0016153
10 -0.001242 -0.00194107
11 -0.00130066 -0.00186118
12 -0.00106648 -0.00162373
13 -0.00102912 -0.00135195
14 -0.00122704 -0.000968672
15 -0.00140346 -0.000358605
16 -0.00146714 -0.000184201
17 -0.00151929 -0.000102396
18 -0.00120334 5.22607e-05
19 -0.0010134 4.17105e-05
20 -0.000997954 -0.000150112
21 -0.00101541 -0.00024644
22 -0.00112554 -0.000537968
23 -0.00114197 -0.0007798
24 -0.000787047 0.000970394
0 0.00343205 0.000349001
1 0.00462053 0.000504902
2 0.00413745 0.000527855
3 0.00344496 0.000782702
4 0.00296186 0.000967369
5 0.00255279 0.00051927
6 0.00219216 9.53097e-05
7 0.0019604 4.62648e-05
8 0.00130629 7.46788e-05
9 0.000833093 9.29033e-05
10 0.000426961 0.000629352
11 0.000339885 0.000958616
12 5.20018e-05 0.00105092
13 8.89613e-06 0.00107182
14 -6.75404e-05 0.000923813
15 4.32609e-05 0.000660094
16 0.000616555 0.000131806
17 0.000350798 -0.0001809
18 0.00011437 -0.000675899
19 0.000125478 -0.0010159
20 0.000126133 -0.00101559
21 0.000266661 -0.0014055
22 0.000210586 -0.001302
23 0.00040348 -0.000769188
24 0.000485569 0.00186121
0 -0.00304369 -0.000635111
1 -0.00122251 0.000580703
2 -0.00075235 0.00123074
3 -0.000642784 0.00131655
4 -0.000409675 0.00125236
5 -0.000278624 0.00141282
6 -0.000188678 0.00136543
7 -0.000137188 0.00137362
8 -0.000227411 0.00148851
9 -0.000384383 0.0012507
10 -0.000198161 0.00106433
11 -0.000399599 0.000880867
12 -0.000759544 0.000652769
13 -0.0012274 0.000119925
14 -0.00139329 -0.000345833
15 -0.00161457 -0.000455727
16 -0.00192462 -0.000368752
17 -0.00205922 -0.00043406
18 -0.00196853 -0.000479919
19 -0.0018674 -0.000583252
20 -0.00141456 -0.000765207
21 -0.000943604 -0.000958317
22 -0.00071623 -0.000700763
23 -0.000598477 -0.000587116
24 0.00012482 -0.00041661
0 -0.00120155 -0.000632768
1 0.000466335 -0.00115502
2 0.000605993 -0.0015321
3 0.000433801 -0.00187858
4 0.000320953 -0.00172793
5 0.000275435 -0.00149169
6 0.000556144 -0.00124232
7 0.000763376 -0.00107427
8 0.000485764 -0.000944026
9 0.000298403 -0.000751551
10 1.19999e-06 -0.00033178
11 -0.00017482 0.000404471
12 -0.000205904 0.000962311
13 -1.03658e-05 0.0011801
14 0.000365242 0.00127105
15 0.000559713 0.00142562
16 0.000683268 0.0015218
17 0.000892247 0.00124212
18 0.000942203 0.000922178
19 0.000883513 0.000732236
20 0.000482692 0.00076499
21 0.000226516 0.000744973
22 -0.00016385 0.00068647
23 -0.000530069 0.00061933
24 -0.000699698 -0.000398749
0 0.00210811 0.000545081
1 0.00232105 0.00127112
2 0.00207031 0.00133706
3 0.00202273 0.00119199
4 0.00177849 0.00092738
5 0.00178965 0.000500253
6 0.00211294 0.000258557
7 0.00210446 -5.16512e-05
8 0.0021663 -0.000380683
9 0.00234695 -0.000446023
10 0.0022965 -0.00039712
11 0.00219523 -0.000737269
12 0.00261489 -0.00105949
13 0.00275739 -0.00123357
14 0.00282024 -0.00195759
15 0.00298112 -0.00232686
16 0.00290409 -0.00212001
17 0.00298918 -0.00214582
18 0.00292013 -0.00221717
19 0.00249863 -0.00239984
20 0.00160258 -0.00253085
21 0.00105455 -0.00233486
22 0.000571049 -0.00260103
23 0.000481295 -0.00238174
24 -0.000351834 -0.00128961
0 -6.36282e-05 0.00158225
1 0.000256608 0.0015457
2 0.000216767 0.00172747
3 2.46881e-05 0.00175513
4 -0.000285739 0.00187511
5 -0.000623295 0.00183802
6 -0.000737919 0.0016556
7 -0.000875865 0.00122486
8 -0.000827019 0.00077216
9 -0.000692195 0.000717743
10 -0.000248338 0.000577826
11 8.489e-05 0.000118485
12 0.000195038 -0.000309947
13 0.00043416 -0.000864655
14 0.000619997 -0.00086962
15 0.000865872 -0.000804749
16 0.00104718 -0.000865795
17 0.00109912 -0.000603114
18 0.00127768 -3.15599e-05
19 0.00131361 0.000506505
20 0.00136134 0.00076501
21 0.000964505 0.000961739
22 0.000660273 0.00126275
23 0.000557576 0.00126971
24 0.0021268 0.000946469
0 0.000903638 0.000275313
1 -0.000179345 -6.45082e-05
2 -0.000225431 -0.000101711
3 -0.000369923 5.49648e-05
4 -0.000478618 0.00022892
5 -0.000363322 0.000109699
6 -7.03384e-05 5.76448e-05
7 0.000258551 6.61226e-05
8 0.000568121 0.000148917
9 0.000814599 -2.38398e-05
10 0.00080797 -0.00045574
11 0.000973866 -0.000645168
12 0.000923519 -0.000835198
13 0.000931622 -0.000672511
14 0.00086381 -0.00060329
15 0.00096165 -0.000535152
16 0.00093295 -0.000494283
17 0.000803171 -0.000395165
18 0.000842631 -0.000423203
19 0.00104264 -0.000351646
20 0.00137733 -0.00027567
21 0.00158626 -8.28988e-05
22 0.00177404 2.58157e-05
23 0.00165495 5.48141e-05
24 0.00159543 0.00103002
0 -0.000892674 0.000445353
1 -0.00195045 -9.40163e-05
2 -0.00214497 9.85979e-05
3 -0.00235703 0.000131454
4 -0.00269219 -0.000110223
5 -0.00279847 -0.000311111
6 -0.00291201 -0.000200874
7 -0.00298737 -0.00010327
8 -0.00297503 -0.000280666
9 -0.00260802 -0.000269455
10 -0.00224741 -0.000215594
11 -0.00180409 -0.000175036
12 -0.00129088 -0.000239921
13 -0.000785652 -0.00029198
14 -0.000396043 -0.000379248
15 -1.92062e-05 -0.000371639
16 0.000345597 -0.000627199
17 0.000419067 -0.000794196
18 0.000658214 -0.00129985
19 0.000820962 -0.00153583
20 0.000671258 -0.00174956
21 0.000602004 -0.00167553
22 0.000615469 -0.0013172
23 0.000796737 -0.000968425
24 0.000479482 -0.000701333
0 -0.0014404 0.00112798
1 -0.000257167 0.00214194
2 6.25856e-05 0.00202755
3 0.000331746 0.00195131
4 8.60086e-05 0.00174589
5 5.67878e-05 0.00187235
6 -5.54215e-05 0.00190593
7 -0.000104696 0.00180306
8 -0.000183925 0.00157338
9 -0.00022238 0.0017283
10 -0.000170893 0.001774
11 -0.00024584 0.00161898
12 -0.000362616 0.00132315
13 -0.000235886 0.000828007
14 6.19242e-05 0.000290176
15 0.000176315 -0.000207581
16 0.000139651 -0.000588894
17 0.000116192 -0.000751789
18 7.36815e-05 -0.000604685
19 -8.81636e-05 -0.000337877
20 -7.61296e-05 -0.000168377
21 -9.23367e-05 -0.000200472
22 -0.000167391 -0.000157761
23 -9.38595e-05 -6.42495e-05
24 0.0017303 -8.04347e-06
0 -0.000167187 -0.00185805
1 0.000384104 -0.000871884
2 0.000516804 -0.000724184
3 0.000705844 -0.000773798
4 0.000984507 -0.000607865
5 0.000807001 -0.00058077
6 0.00096134 -0.000636389
7 0.0014772 -0.000656937
8 0.00215432 -0.000920875
9 0.00225925 -0.00114909
10 0.00242314 -0.00117318
11 0.00249762 -0.00133601
12 0.00278727 -0.00113187
13 0.00296793 -0.000855911
14 0.0029779 -0.000716019
15 0.00306522 -0.000666715
16 0.00308942 -0.000625378
17 0.0028203 -0.000577009
18 0.00237107 -0.000636824
19 0.00185548 -0.000868578
20 0.00133275 -0.0011447
21 0.00102273 -0.00117917
22 0.000760673 -0.00131521
23 0.000811096 -0.00160872
24 0.00167755 -0.00148251
0 0.000749825 -0.000436858
1 0.00053756 0.000806676
2 0.000759891 0.00105127
3 0.000700071 0.00149714
4 0.000640663 0.00193671
5 0.00100048 0.00217177
6 0.00114402 0.00211987
7 0.00101969 0.00199873
8 0.000952084 0.00206831
9 0.00113749 0.00240942
10 0.000966128 0.00234482
11 0.000765173 0.00223557
12 0.000622274 0.00185331
13 0.000922823 0.00166407
14 0.00151623 0.00136664
15 0.00205104 0.00111996
16 0.00254903 0.000748985
17 0.00262248 0.000427577
18 0.00264491 0.000118717
19 0.00272975 2.52502e-05
20 0.00265689 1.06994e-05
21 0.00277505 -0.000204896
22 0.00302998 -0.000542292
23 0.00345805 -0.000445476
24 0.00304061 0.000385278
0 -0.000931132 -0.00146049
1 -0.00090894 -0.00164408
2 -0.000507876 -0.00189607
3 -0.000551033 -0.00182624
4 -0.00073244 -0.00165969
5 -0.000719228 -0.00189641
6 -0.00073665 -0.00185182
7 -0.000939015 -0.00154718
8 -0.00143267 -0.00135944
9 -0.00191709 -0.00118401
10 -0.00246709 -0.00127269
11 -0.0027271 -0.00122438
12 -0.00305109 -0.00136502
13 -0.00328864 -0.00201341
14 -0.0033756 -0.00282688
15 -0.00323957 -0.00327522
16 -0.00321521 -0.00323516
17 -0.00308175 -0.00316496
18 -0.00300398 -0.00355578
19 -0.00282262 -0.00378287
20 -0.00253699 -0.00349986
21 -0.00220712 -0.00335502
22 -0.00168386 -0.00312061
23 -0.00148639 -0.00250973
24 -0.000114551 -0.000572219
0 -0.000653776 -0.00244614
1 0.000409471 -0.000287167
2 0.000792369 0.00079356
3 0.000948043 0.00146742
4 0.000759554 0.00197252
5 0.000317382 0.0023266
6 0.000265283 0.00240709
7 0.000228613 0.00274781
8 0.000206902 0.00345714
9 -1.81428e-05 0.00383939
10 -7.88528e-05 0.00392326
11 8.87463e-05 0.00365624
12 -4.83334e-06 0.00328418
13 -4.36285e-05 0.00314606
14 -0.00013915 0.00250524
15 -0.000448528 0.00218955
16 -0.000770554 0.00231581
17 -0.000944413 0.00237233
18 -0.00108543 0.00199052
19 -0.000905618 0.00165242
20 -0.00118103 0.00128555
21 -0.00114652 0.000785053
22 -0.000951925 0.000271
23 -0.00111242 -5.65151e-05
24 -0.000280427 -0.000222838
0 -0.00134165 0.00745314
1 0.00125528 0.00587232
2 0.00183324 0.0057092
3 0.00176084 0.00517274
4 0.00110528 0.00406056
5 0.000948388 0.00274916
6 0.00069337 0.00236686
7 0.00041171 0.0025273
8 -6.14375e-05 0.00236836
9 -0.000442097 0.00248282
10 -0.000940068 0.00293365
11 -0.0015505 0.00306914
12 -0.00233265 0.00360061
13 -0.00280516 0.0042243
14 -0.00378879 0.00374564
15 -0.00448833 0.00272835
16 -0.00369614 0.00243555
17 -0.00303276 0.00213092
18 -0.00279 0.00199597
19 -0.00253608 0.00195459
20 -0.0016355 0.00189702
21 -0.000930428 0.00051484
22 -0.000639151 6.02418e-05
23 -0.000234801 0.000250869
24 1.80816e-05 0.00211991
0 0.00221061 0.00108252
1 0.00178988 0.00107638
2 0.00172557 0.00108249
3 0.0013291 0.000954278
4 0.00079254 0.000908864
5 0.000238154 0.00072473
6 -0.000245192 0.00069022
7 -0.000516251 0.000763162
8 -0.00083309 0.00100861
9 -0.000776366 0.00124979
10 -0.000768503 0.00124933
11 -0.000832528 0.00134091
12 -0.0009825 0.00138961
13 -0.000873256 0.00131026
14 -0.000732779 0.00118582
15 -0.000467832 0.0011658
16 -0.000149362 0.00107441
17 0.000348381 0.000871729
18 0.000615529 0.00099368
19 0.000870918 0.00131185
20 0.000885844 0.00165995
21 0.000990297 0.00194613
22 0.00124514 0.00210445
23 0.0015511 0.00231626
24 0.000707312 0.00267627
0 0.0026521 -6.29701e-05
1 0.00179498 -0.00026961
2 0.00153638 -0.000471428
3 0.00169818 -0.000347261
4 0.00176249 -2.65155e-05
5 0.00178417 -9.17093e-05
6 0.00158147 -4.65365e-05
7 0.00154652 0.000246133
8 0.00137625 0.000391207
9 0.00111579 0.000565232
10 0.000747096 0.00065649
11 0.00017066 0.00072801
12 -0.000252466 0.000438793
13 -0.000236828 0.000411219
14 -0.000245224 0.00030653
15 -0.000527924 0.000300257
16 -0.000747809 0.000173246
17 -0.0010182 -6.8685e-05
18 -0.00114887 -5.34934e-05
19 -0.00117503 8.4071e-05
20 -0.00118672 -8.31542e-05
21 -0.000868404 -0.00022969
22 -0.000438995 -0.000378724
23 -7.5417e-05 -0.000346413
24 0.00139139 -0.000357714
0 0.00357174 0.0026731
1 0.0025605 0.00316686
2 0.00256238 0.00314409
3 0.00238877 0.00274164
4 0.00226147 0.00272854
5 0.00234228 0.00288008
6 0.00235001 0.00275293
7 0.00241118 0.00300451
8 0.00236107 0.00300689
9 0.00248231 0.0028961
10 0.00257948 0.00318315
11 0.0022784 0.00331667
12 0.00168149 0.00334056
13 0.00110511 0.00332645
14 0.00084233 0.00327421
15 0.00045759 0.00342918
16 1.31147e-05 0.00353897
17 -0.000188566 0.00330386
18 -0.000404473 0.00313107
19 -0.000458979 0.00299211
20 -0.000517899 0.00280139
21 -0.000731247 0.00281225
22 -0.00106926 0.00274213
23 -0.0011841 0.00228634
24 0.000653126 0.00158858
0 0.000641525 -0.000117433
1 0.00123855 -0.000212272
2 0.00136026 -0.000446801
3 0.00120985 -0.000510348
4 0.00098356 -0.000632641
5 0.000789169 -0.000643713
6 0.000809692 -0.000542216
7 0.000467631 -0.000470667
8 0.000404148 -0.000641694
9 0.000515236 -0.000697897
10 0.00060011 -0.00084521
11 0.000563525 -0.000778573
12 0.000573277 -0.000585091
13 0.000560025 -0.000351414
14 0.000492216 -0.000267174
15 0.000244098 -0.000279663
16 -6.1493e-05 -0.000255821
17 -0.0002169 -0.000266758
18 -0.000374329 -0.000295534
19 -0.000398687 -0.000302234
20 -0.000262384 -0.000395238
21 -0.000153884 -0.000322271
22 -5.26701e-05 -0.000176195
23 0.000314609 -7.43756e-05
24 0.00133722 0.000629235
