50 25 0 1
0 0.00119163 -0.000463945,0
1 0.0011406 -0.0012321,0
2 0.00133984 -0.00107044,0
3 0.00152577 -0.000944126,0
4 0.00199714 -0.000832848,0
5 0.00291891 -0.000592543,0
6 0.00365135 -6.6263e-05,0
7 0.00320899 -5.8221e-05,0
8 0.00290221 0.000313136,0
9 0.00294508 0.000743001,0
10 0.00238207 0.00108829,0
11 0.00173479 0.0014169,0
12 0.00125546 0.00156885,0
13 0.000709896 0.00153477,0
14 0.000181464 0.00128637,0
15 -0.000453303 0.00105381,0
16 -0.000743909 0.000519087,0
17 -0.000368735 -0.000102416,0
18 -9.22356e-05 -0.000613138,0
19 0.000570502 -0.00156945,0
20 0.00141084 -0.00207727,0
21 0.00202817 -0.00227209,0
22 0.00209799 -0.00254398,0
23 0.00178726 -0.00259041,0
24 0.000662935 -0.00166301,0
0 0.000278721 0.0022387,0
1 0.000693773 0.00137767,0
2 0.000587704 0.00156056,0
3 0.000614095 0.00144371,0
4 0.00063229 0.00137616,0
5 0.000476147 0.00148498,0
6 8.28583e-05 0.0013494,0
7 -0.00032684 0.00135579,0
8 -0.000635517 0.00155596,0
9 -0.00075258 0.00151413,0
10 -0.000577645 0.00126585,0
11 -0.000463493 0.00125344,0
12 -0.000389156 0.00128723,0
13 -0.000399257 0.00140489,0
14 -0.000430793 0.00135044,0
15 -0.000330519 0.00117801,0
16 4.33409e-05 0.00126753,0
17 0.000303801 0.00135218,0
18 0.000567562 0.00115827,0
19 0.000791016 0.000939501,0
20 0.00100757 0.00073873,0
21 0.00126366 0.000578734,0
22 0.00125918 0.00039901,0
23 0.00111926 0.000277533,0
24 0.00122926 -0.000420531,0
0 0.00155549 0.00140392,0
1 5.55093e-05 0.00369516,0
2 0.000322993 0.00422852,0
3 0.000554338 0.00435079,0
4 0.00075721 0.00400135,0
5 0.00103465 0.00412098,0
6 0.000999095 0.00470032,0
7 0.000947266 0.00499151,0
8 0.00106513 0.00468985,0
9 0.000661692 0.00412349,0
10 -3.97322e-05 0.0031262,0
11 -0.000531422 0.00226004,0
12 -0.000299775 0.00226106,0
13 -0.00014714 0.00184945,0
14 -0.000470994 0.000963074,0
15 -0.000785712 0.000589867,0
16 -0.00113899 -0.000297769,0
17 -0.00151517 -0.000850105,0
18 -0.00125357 -0.00097059,0
19 -0.00149933 -0.00144651,0
20 -0.00162205 -0.00192277,0
21 -0.0015137 -0.00176038,0
22 -0.00156512 -0.00169116,0
23 -0.00102804 -0.00198822,0
24 0.00172132 -0.00123085,0
0 0.00401436 -0.00211698,0
1 0.00253381 -0.000608907,0
2 0.00299861 -0.000545887,0
3 0.00408577 -0.000578348,0
4 0.00463188 -0.000208302,0
5 0.00484478 -1.29681e-05,0
6 0.00488504 0.000224553,0
7 0.00476847 0.000457251,0
8 0.00444134 0.000765009,0
9 0.00393116 0.00062751,0
10 0.00356201 -0.000553922,0
11 0.0032995 -0.00151092,0
12 0.00274096 -0.00129247,0
13 0.00197567 -0.00143157,0
14 0.00134895 -0.00129034,0
15 0.000464706 -0.00142755,0
16 -0.000230242 -0.00165181,0
17 -0.000439691 -0.00187964,0
18 -0.000681021 -0.00161716,0
19 -0.00142398 -0.00109861,0
20 -0.00160233 -0.00102141,0
21 -0.00218108 -0.00125219,0
22 -0.00262151 -0.00132286,0
23 -0.00268748 -0.00149263,0
24 0.00041252 0.00103945,0
0 0.00226907 -0.0028069,0
1 0.00305146 -0.00104923,0
2 0.00347039 -0.000630952,0
3 0.00364532 -0.000234753,0
4 0.003795 -0.000227421,0
5 0.00357222 9.17938e-05,0
6 0.00337047 0.000140731,0
7 0.00295389 0.000302292,0
8 0.00246797 0.00062304,0
9 0.00238635 0.000742696,0
10 0.00201537 0.000859678,0
11 0.00173234 0.00102463,0
12 0.00174768 0.00132366,0
13 0.00155381 0.0019527,0
14 0.00147454 0.00226909,0
15 0.00141757 0.00263689,0
16 0.0013581 0.0026165,0
17 0.00131067 0.00287656,0
18 0.0012697 0.00259986,0
19 0.00116747 0.00197172,0
20 0.00134312 0.00147454,0
21 0.0012776 0.00100355,0
22 0.00136199 0.000686713,0
23 0.00107725 0.00031869,0
24 0.000197967 -0.000872402,0
0 0.00172118 -0.000411022,0
1 0.00280631 0.0001696,0
2 0.00265242 -0.000804045,0
3 0.00203236 -0.00128899,0
4 0.0013369 -0.00192685,0
5 0.000827013 -0.00231661,0
6 0.000556197 -0.00211903,0
7 0.000218832 -0.00158959,0
8 9.12251e-05 -0.0014767,0
9 4.73321e-05 -0.00182831,0
10 7.71978e-05 -0.00219373,0
11 0.000402083 -0.00196886,0
12 0.00029296 -0.00124312,0
13 0.000335464 -0.000753876,0
14 -0.000176712 -0.000559625,0
15 -0.000496111 -0.000501751,0
16 -0.000160621 -0.000197689,0
17 0.000339184 -0.000163747,0
18 0.00121685 -0.000294304,0
19 0.00194551 -0.000244108,0
20 0.00230425 -0.000397236,0
21 0.00202908 -0.000659041,0
22 0.00200452 -0.000722646,0
23 0.00193408 -0.000725727,0
24 0.00121456 0.000505503,0
0 -0.000319596 0.00118829,0
1 0.000890492 0.00121188,0
2 0.000897316 0.00146823,0
3 0.000669764 0.00175963,0
4 0.000895637 0.0017807,0
5 0.00119467 0.00158863,0
6 0.00106439 0.00155993,0
7 0.000624441 0.0015598,0
8 0.000118275 0.00159373,0
9 -0.00019121 0.00149896,0
10 -0.00105281 0.00147338,0
11 -0.00168947 0.00103407,0
12 -0.00199642 0.000677852,0
13 -0.00266971 0.00052045,0
14 -0.00304616 0.000298866,0
15 -0.0029441 0.000255438,0
16 -0.00255379 -0.000159955,0
17 -0.00238797 -0.000124022,0
18 -0.00228797 0.000105256,0
19 -0.001858 0.000389211,0
20 -0.00163742 0.000634495,0
21 -0.00159713 0.000908114,0
22 -0.00132624 0.000977029,0
23 -0.000786874 0.000591435,0
24 -0.00256235 -0.00207846,0
0 -0.000780345 -0.00249332,0
1 -0.00158091 -0.00241555,0
2 -0.00123819 -0.00222673,0
3 -0.000774293 -0.00196704,0
4 -0.000255123 -0.00139095,0
5 0.000172609 -0.0010067,0
6 0.000148188 -0.00069967,0
7 0.000313747 -0.00045241,0
8 0.000432131 -0.000249702,0
9 0.000399912 -0.000199452,0
10 0.000257017 6.15342e-05,0
11 8.49088e-05 0.000558381,0
12 0.000227547 0.000602407,0
13 0.000447493 0.000739048,0
14 0.000431971 0.000871694,0
15 0.000333422 0.000875989,0
16 0.000211757 0.00090756,0
17 0.000177613 0.00104732,0
18 0.000240711 0.00103685,0
19 0.000134593 0.00129356,0
20 -4.27292e-05 0.00163833,0
21 -0.000328617 0.00201595,0
22 -0.000632306 0.00213598,0
23 -0.000754649 0.00197956,0
24 0.000484458 0.00145105,0
0 -0.00118566 -7.36254e-05,0
1 -0.00125737 -0.000850798,0
2 -0.00104305 -0.000868219,0
3 -0.000780827 -0.000768569,0
4 -0.000679627 -0.000734443,0
5 -0.000951723 -0.000790889,0
6 -0.00087049 -0.000834792,0
7 -0.000596873 -0.000726116,0
8 -0.000182683 -0.000406846,0
9 0.000193707 -0.00028266,0
10 0.000426326 -0.000256889,0
11 0.000393747 -0.000461766,0
12 0.000371023 -0.000874301,0
13 0.000539769 -0.00101589,0
14 0.000617791 -0.00110122,0
15 0.000587352 -0.00130819,0
16 0.000375149 -0.00135669,0
17 -0.000121755 -0.00159013,0
18 -0.000493228 -0.0018682,0
19 -0.000575733 -0.00201354,0
20 -0.000933433 -0.00229069,0
21 -0.00113776 -0.00259927,0
22 -0.00122683 -0.00282721,0
23 -0.00129167 -0.0027164,0
24 -0.00108623 -0.00411069,0
0 0.00095139 0.000369562,0
1 -0.00100751 -0.000733865,0
2 -0.000837119 -0.00112747,0
3 -0.000676338 -0.00134972,0
4 -0.000876588 -0.00164367,0
5 -0.000981165 -0.00164476,0
6 -0.000799595 -0.00158184,0
7 -0.000200955 -0.00132923,0
8 0.00024242 -0.00117156,0
9 0.000479295 -0.00116507,0
10 0.000183908 -0.00166183,0
11 -9.19105e-05 -0.00192208,0
12 3.42857e-05 -0.00190031,0
13 0.000349551 -0.00219115,0
14 0.000836541 -0.00208288,0
15 0.00127016 -0.00196109,0
16 0.00153731 -0.00190365,0
17 0.00163287 -0.00168811,0
18 0.00185 -0.00160995,0
19 0.00208896 -0.0016817,0
20 0.00226406 -0.00171279,0
21 0.00248577 -0.00143537,0
22 0.00246984 -0.00113475,0
23 0.0024503 -0.000834557,0
24 0.00329499 0.000578572,0
0 -0.00114703 0.000815839,0
1 -0.00152552 0.000123052,0
2 -0.00166627 0.000196695,0
3 -0.00186938 0.000217928,0
4 -0.00198112 0.000544818,0
5 -0.00182389 0.00056691,0
6 -0.00182818 0.000822462,0
7 -0.00198809 0.000975386,0
8 -0.0020553 0.000997869,0
9 -0.00189467 0.00125573,0
10 -0.00173833 0.00143896,0
11 -0.00179248 0.00150457,0
12 -0.00195904 0.00140549,0
13 -0.00211444 0.00141587,0
14 -0.00231153 0.00154516,0
15 -0.00232117 0.00179644,0
16 -0.0022311 0.00201925,0
17 -0.00245517 0.00199436,0
18 -0.00268792 0.00184027,0
19 -0.00234992 0.00125994,0
20 -0.00206707 0.000769273,0
21 -0.00165751 0.000509359,0
22 -0.00116398 0.000302692,0
23 -0.00106315 0.00032712,0
24 -0.00161931 0.000154211,0
0 -0.00138698 -0.00106564,0
1 0.00101107 0.000178616,0
2 0.00157749 0.000735089,0
3 0.00183656 0.000648598,0
4 0.00198201 0.000434784,0
5 0.00227268 0.000908681,0
6 0.00179304 0.00122804,0
7 0.00128209 0.00115225,0
8 0.00128906 0.00113447,0
9 0.000928723 0.00150359,0
10 0.000559485 0.00139505,0
11 0.000380377 0.000876564,0
12 -0.000103776 0.000412229,0
13 -0.0004883 9.48053e-05,0
14 -0.000703778 -0.000203835,0
15 -0.000813731 -8.65476e-05,0
16 -0.000791496 0.000385051,0
17 -0.0010937 0.00035044,0
18 -0.00107398 -0.000188851,0
19 -0.000870333 -0.000680877,0
20 -0.000448274 -0.000746758,0
21 -0.000147788 -0.000952459,0
22 5.16651e-05 -0.00117468,0
23 0.000176075 -0.00111728,0
24 0.00171264 -0.00178173,0
0 0.00175915 -0.000126521,0
1 0.00163708 0.00155837,0
2 0.00108891 0.0012998,0
3 0.000738915 0.000757794,0
4 0.000358226 0.000196658,0
5 0.000622271 -0.000529613,0
6 0.000922929 -0.00118328,0
7 0.00121488 -0.00210276,0
8 0.00105146 -0.00300217,0
9 0.000954403 -0.00352674,0
10 0.000872974 -0.00375362,0
11 0.000464007 -0.00370781,0
12 0.000162657 -0.00367677,0
13 -1.52705e-06 -0.00367333,0
14 -0.000296426 -0.00319408,0
15 -0.000151297 -0.00293658,0
16 0.000305737 -0.00266108,0
17 0.000236605 -0.00195775,0
18 -0.000348122 -0.00152144,0
19 -0.000699208 -0.00083034,0
20 -0.00069742 -0.000561646,0
21 -0.000582286 -0.000869483,0
22 -0.000466156 -0.000992934,0
23 -0.000633085 -0.000630363,0
24 -0.000950297 -0.00103466,0
0 0.00117454 0.00289929,0
1 -0.000762863 0.00565452,0
2 -0.000706037 0.0059444,0
3 -0.000549962 0.00618471,0
4 -0.000701797 0.00555978,0
5 -0.000502767 0.00516378,0
6 -0.000326821 0.00499808,0
7 -9.25752e-05 0.00471601,0
8 0.000942906 0.00466824,0
9 0.00150344 0.00489685,0
10 0.00212778 0.00466029,0
11 0.00228828 0.00433424,0
12 0.00180896 0.00376903,0
13 0.00135105 0.00318076,0
14 0.000723574 0.00230896,0
15 0.000460216 0.00185953,0
16 0.00083585 0.00128032,0
17 0.000714726 0.00052301,0
18 0.000335329 -0.000157662,0
19 -0.000188871 -0.00062296,0
20 -0.000217443 -0.00130427,0
21 -1.23445e-05 -0.00229079,0
22 0.000434885 -0.00337176,0
23 0.000648513 -0.00382805,0
24 0.000226311 -0.00206467,0
0 0.000825953 -0.00144133,0
1 0.000820166 -0.00296274,0
2 0.000256433 -0.00273737,0
3 -0.000252202 -0.00201921,0
4 -0.000294526 -0.00160657,0
5 -3.45007e-06 -0.00124755,0
6 0.000501821 -0.000861328,0
7 0.000523729 -0.000734597,0
8 0.000174557 -0.00100495,0
9 -9.44257e-05 -0.000815214,0
10 -0.000503218 -0.0006607,0
11 -0.000851947 -0.000826862,0
12 -0.00102677 -0.00070622,0
13 -0.00108135 -0.000708947,0
14 -0.000985974 -0.000587294,0
15 -0.00112475 -0.000586212,0
16 -0.000971744 -0.000749494,0
17 -0.000995656 -0.000862347,0
18 -0.00076216 -0.00049056,0
19 -8.72047e-06 -0.000154517,0
20 0.000698968 -7.16813e-05,0
21 0.00112944 -0.00014348,0
22 0.00146067 -0.00017582,0
23 0.00147425 0.000253266,0
24 -0.000356738 -0.000138822,0
0 -0.00188148 0.000390661,0
1 -0.00103959 -0.000109978,0
2 -0.00102762 -0.000270456,0
3 -0.0014353 -0.000643447,0
4 -0.00180422 -0.000942587,0
5 -0.0019878 -0.00116189,0
6 -0.00203269 -0.00130378,0
7 -0.0018875 -0.00120864,0
8 -0.00138419 -0.00131604,0
9 -0.00118645 -0.00156291,0
10 -0.00107393 -0.00145733,0
11 -0.00103177 -0.00137542,0
12 -0.000897173 -0.00127485,0
13 -0.000809485 -0.000992897,0
14 -0.000567803 -0.000726816,0
15 -0.000445307 -0.000670915,0
16 -0.000316062 -0.000503084,0
17 -9.68449e-05 -0.000436286,0
18 0.000194507 -0.000279471,0
19 0.000468481 -0.000229789,0
20 0.000952062 -0.000533627,0
21 0.00104004 -0.000918684,0
22 0.00127034 -0.00132179,0
23 0.00142073 -0.00144867,0
24 -6.28432e-05 -0.00021854,0
0 0.000274217 0.00736022,0
1 0.00294635 0.00320492,0
2 0.00380374 0.00272168,0
3 0.00428316 0.00272777,0
4 0.00412095 0.00298228,0
5 0.00425876 0.00269953,0
6 0.00363175 0.00237124,0
7 0.00293258 0.0023063,0
8 0.00224017 0.00221004,0
9 0.00165273 0.00266436,0
10 0.000851575 0.003437,0
11 0.000779733 0.00383759,0
12 0.00111014 0.00471765,0
13 0.00129631 0.00550234,0
14 0.00139949 0.00631778,0
15 0.00112659 0.00665425,0
16 0.00148686 0.00696138,0
17 0.00153886 0.00702928,0
18 0.00127809 0.00648581,0
19 0.00166261 0.00645149,0
20 0.00240349 0.00618267,0
21 0.00365027 0.00535741,0
22 0.00403221 0.0043427,0
23 0.00371498 0.0033295,0
24 0.00184748 -0.00152583,0
0 -0.00320435 -0.00215456,0
1 -0.00203134 -0.00157711,0
2 -0.00216153 -0.00178371,0
3 -0.00205354 -0.00184999,0
4 -0.00207754 -0.00212875,0
5 -0.00231547 -0.00226581,0
6 -0.00219498 -0.0019772,0
7 -0.00222745 -0.00144871,0
8 -0.00209575 -0.000624874,0
9 -0.00179365 -0.000155511,0
10 -0.00160067 0.000408094,0
11 -0.00151798 0.000730699,0
12 -0.0013968 0.000972048,0
13 -0.00131982 0.00110854,0
14 -0.00122829 0.00136008,0
15 -0.00125072 0.00162247,0
16 -0.00109844 0.00163102,0
17 -0.00078785 0.00154826,0
18 -0.000363421 0.00152396,0
19 -0.000123177 0.00137358,0
20 8.54222e-05 0.00139386,0
21 -6.62135e-05 0.00136153,0
22 4.28757e-05 0.00145208,0
23 -1.06634e-05 0.00163423,0
24 0.00071953 0.00260083,0
0 -0.000986437 0.000328668,0
1 0.000327815 0.00152192,0
2 0.000251388 0.00133474,0
3 -0.000267498 0.00150066,0
4 -0.000320987 0.00169623,0
5 -0.000431829 0.00161509,0
6 -0.000782978 0.00136174,0
7 -0.000861313 0.0010325,0
8 -0.000835334 0.000472991,0
9 -0.000662874 0.000304671,0
10 -0.000202393 -6.76616e-05,0
11 0.000258377 -0.000581678,0
12 0.000434232 -0.000907753,0
13 0.00076006 -0.00103639,0
14 0.00114848 -0.000810741,0
15 0.0015077 -0.000639545,0
16 0.0016426 -0.000380265,0
17 0.00132744 -5.82635e-05,0
18 0.00120611 0.000241668,0
19 0.00125268 0.000636891,0
20 0.00129303 0.000691737,0
21 0.00125776 0.000638096,0
22 0.00103944 0.000688814,0
23 0.000557421 0.000364922,0
24 0.000122765 -0.000149435,0
0 -0.00281844 0.00201591,0
1 -0.00326455 0.00138605,0
2 -0.00285977 0.0016771,0
3 -0.00239311 0.00155453,0
4 -0.00177262 0.00102607,0
5 -0.00138773 0.000330675,0
6 -0.00163994 -0.00056346,0
7 -0.00169774 -0.0011404,0
8 -0.0018995 -0.00089274,0
9 -0.00197981 -0.000871024,0
10 -0.00200882 -0.000805124,0
11 -0.00180075 -0.000440461,0
12 -0.00185559 4.73673e-05,0
13 -0.00177106 5.67009e-05,0
14 -0.00157329 0.00018144,0
15 -0.00125394 0.000249574,0
16 -0.00116305 0.000269095,0
17 -0.00100155 0.000356434,0
18 -0.00094263 0.000352837,0
19 -0.00100814 0.000494215,0
20 -0.00114361 0.000673751,0
21 -0.00107639 0.000820242,0
22 -0.00116704 0.00136667,0
23 -0.000985068 0.00193405,0
24 -0.00080695 0.0011988,0
0 0.00380247 -0.00393364,0
1 0.00378885 -0.00345927,0
2 0.00317799 -0.00402692,0
3 0.00259979 -0.00409066,0
4 0.00178537 -0.00415637,0
5 0.00096243 -0.0048493,0
6 0.000504639 -0.00477916,0
7 0.000118484 -0.00496781,0
8 6.64498e-05 -0.00487097,0
9 0.000436189 -0.00469823,0
10 0.000614046 -0.00411958,0
11 0.000891406 -0.00338538,0
12 0.00115284 -0.00282406,0
13 0.00162475 -0.00212086,0
14 0.00158258 -0.00121755,0
15 0.00160783 -0.000442222,0
16 0.00133771 -0.000113313,0
17 0.00118394 0.00024893,0
18 0.00155981 0.000530157,0
19 0.00174378 0.000385227,0
20 0.00149972 0.000169189,0
21 0.00142558 -0.000233812,0
22 0.00115126 -0.000547019,0
23 0.000594064 -0.000759918,0
24 -0.000467099 -0.00136947,0
0 -0.00320673 0.00160958,0
1 -0.00094312 0.000321556,0
2 -0.00150838 4.57296e-05,0
3 -0.00191546 4.06052e-05,0
4 -0.00247446 0.000488341,0
5 -0.00258182 0.00147806,0
6 -0.00272789 0.0018994,0
7 -0.00299161 0.00200275,0
8 -0.00321657 0.00275943,0
9 -0.00286613 0.00334034,0
10 -0.00241781 0.00322345,0
11 -0.00226663 0.00304266,0
12 -0.00202241 0.00273783,0
13 -0.00183743 0.00284936,0
14 -0.00157394 0.00278201,0
15 -0.00123924 0.00235515,0
16 -0.00107122 0.00173746,0
17 -0.000557905 0.00149593,0
18 0.00018173 0.00127394,0
19 0.00067902 0.00137167,0
20 0.00133898 0.00160843,0
21 0.0014112 0.00170096,0
22 0.00121592 0.00177227,0
23 0.000928465 0.00182613,0
24 0.00111673 0.00153553,0
0 -0.000601752 0.00157021,0
1 -0.000482414 0.00163091,0
2 -0.000239968 0.00173609,0
3 -1.47061e-05 0.00145634,0
4 -2.88723e-05 0.0011045,0
5 -0.00057059 0.000979862,0
6 -0.000703235 0.000721116,0
7 -0.00112876 0.000317534,0
8 -0.00136295 5.34616e-05,0
9 -0.00148707 -0.00018406,0
10 -0.00145358 -0.000522729,0
11 -0.00169686 -0.00088406,0
12 -0.0017259 -0.00103599,0
13 -0.0014155 -0.000807492,0
14 -0.00116936 -0.000678721,0
15 -0.00109201 -0.000693651,0
16 -0.00127222 -0.000543818,0
17 -0.00130208 -0.000373803,0
18 -0.00116195 -0.0002691,0
19 -0.00108593 -0.000420171,0
20 -0.00129449 -0.00072925,0
21 -0.00142294 -0.000896548,0
22 -0.00159142 -0.000935913,0
23 -0.00168888 -0.0011367,0
24 -0.000489585 -0.00228208,0
0 0.00156048 -0.000816577,0
1 0.000914861 -0.000234668,0
2 0.00100523 -0.00037353,0
3 0.000507723 -0.000793476,0
4 0.000132732 -0.000631128,0
5 0.00014009 -0.00076233,0
6 0.000280027 -0.000928079,0
7 0.00041523 -0.000755799,0
8 0.000599554 -0.000701355,0
9 0.00102671 -0.000642551,0
10 0.00144304 -0.000432825,0
11 0.00159412 -0.000608468,0
12 0.00130686 -0.000766992,0
13 0.00113818 -0.00110072,0
14 0.00136845 -0.000995683,0
15 0.00138258 -0.000660589,0
16 0.00149954 -0.000290192,0
17 0.00128497 0.000110599,0
18 0.00106993 0.000111602,0
19 0.00111054 -6.50601e-05,0
20 0.000825232 -0.000569835,0
21 0.000725636 -0.000511972,0
22 0.000502025 -0.00062623,0
23 0.000623359 -0.000910151,0
24 0.00249985 -0.00220786,0
0 -0.00217011 0.000939638,0
1 -0.00109442 -0.000923457,0
2 -0.000865056 -0.00110105,0
3 -0.000455465 -0.00144361,0
4 -2.52332e-05 -0.00184344,0
5 0.000865939 -0.00185354,0
6 0.00153713 -0.00164184,0
7 0.00206958 -0.00125772,0
8 0.00226599 -0.000473083,0
9 0.00179117 0.000142934,0
10 0.00151438 -3.55294e-05,0
11 0.00176924 -0.000328578,0
12 0.00248845 0.00021723,0
13 0.00283284 0.000382682,0
14 0.00282136 -1.36224e-05,0
15 0.00324379 -0.00075887,0
16 0.00393324 -0.0006401,0
17 0.00394448 -0.000630067,0
18 0.00353564 -0.000518728,0
19 0.00285069 -0.000656592,0
20 0.00220842 -0.000885506,0
21 0.00213872 -0.000654077,0
22 0.00180665 -0.000126818,0
23 0.00136695 0.000865836,0
24 0.00154854 4.13192e-05,0
0 -0.00192686 -0.00420005,0
1 -0.000746534 -0.00314711,0
2 -0.000591272 -0.00359509,0
3 -0.000155206 -0.00399759,0
4 0.000358751 -0.00393571,0
5 0.000728532 -0.00385813,0
6 0.000517943 -0.00389261,0
7 0.000621129 -0.00395304,0
8 0.00047112 -0.0032639,0
9 0.000520293 -0.00269499,0
10 0.000678132 -0.00243649,0
11 0.000851035 -0.00183315,0
12 0.000885004 -0.00130704,0
13 0.000869139 -0.000954373,0
14 0.000435919 -0.000341005,0
15 -0.000271341 0.000417856,0
16 -0.000469095 0.000750363,0
17 -0.000478102 0.000907326,0
18 -0.000822018 0.000846596,0
19 -0.000741169 0.000503647,0
20 -0.000121519 0.000115034,0
21 0.000101318 0.000191859,0
22 0.000647786 0.000155368,0
23 0.000846689 8.42975e-05,0
24 0.00181756 0.000906398,0
0 -0.00101191 -0.00382791,0
1 4.64218e-06 -0.00200138,0
2 -7.92266e-05 -0.00141491,0
3 -0.000310155 -0.000949,0
4 -0.000163092 -0.000354283,0
5 0.000196919 0.000413903,0
6 0.000228538 0.000848109,0
7 -2.83647e-05 0.00105514,0
8 0.000222195 0.00097408,0
9 0.000786884 0.00114272,0
10 0.000894706 0.00133832,0
11 0.000590974 0.00144534,0
12 0.000388609 0.0013206,0
13 0.000115346 0.00102114,0
14 0.000240822 0.000837433,0
15 0.000321985 0.000821957,0
16 0.000309737 0.000906574,0
17 0.000513121 0.000886375,0
18 0.000531815 0.00120408,0
19 0.000667523 0.00164378,0
20 0.000752309 0.00193805,0
21 0.0010576 0.00206485,0
22 0.00100934 0.00226305,0
23 0.00104478 0.00254917,0
24 0.00224617 0.00230959,0
0 -0.00170916 -0.00175271,0
1 -0.000944373 -0.000198573,0
2 -0.000330445 -0.000288137,0
3 -5.50144e-05 -0.000369431,0
4 1.45086e-05 -5.66586e-05,0
5 0.000345921 0.000324272,0
6 0.000705452 0.000803612,0
7 0.000887688 0.0011531,0
8 0.000706893 0.00089505,0
9 0.000641861 0.000719461,0
10 0.000330984 0.000734508,0
11 -5.43655e-05 0.000606508,0
12 -0.000509993 0.000190868,0
13 -0.000711607 0.000172738,0
14 -0.000945305 0.000162811,0
15 -0.000743048 2.40225e-05,0
16 -0.000773657 -9.21855e-05,0
17 -0.000990964 -0.000233746,0
18 -0.000973576 -0.000245852,0
19 -0.000767757 -0.000250502,0
20 -0.00104574 -2.45603e-05,0
21 -0.00110963 0.000317036,0
22 -0.000918969 0.000389949,0
23 -0.000846053 0.000458788,0
24 -0.000651099 -0.000497073,0
0 -0.000791811 0.00108815,0
1 -0.000457712 -0.000982403,0
2 -0.000378343 -0.00128407,0
3 -0.000442105 -0.0014677,0
4 -0.000321489 -0.00179456,0
5 -0.000301269 -0.00213724,0
6 -0.000298824 -0.00230491,0
7 -0.000260379 -0.00225937,0
8 -0.00043935 -0.0021755,0
9 -0.000959519 -0.00202361,0
10 -0.00135691 -0.00189982,0
11 -0.00155704 -0.00177467,0
12 -0.00149038 -0.00165028,0
13 -0.00177693 -0.00157976,0
14 -0.00192186 -0.00153575,0
15 -0.00206313 -0.00145964,0
16 -0.00217237 -0.00142845,0
17 -0.00217358 -0.00139884,0
18 -0.00206122 -0.00139996,0
19 -0.00209775 -0.00111549,0
20 -0.00232792 -0.000670552,0
21 -0.00259975 -0.00036992,0
22 -0.00261616 -9.7748e-05,0
23 -0.00250755 6.87531e-05,0
24 -0.00248805 0.00140136,0
0 -2.37549e-05 0.000167829,0
1 -4.4219e-05 0.00138671,0
2 -0.000370281 0.00103953,0
3 -0.000443194 0.00061942,0
4 -8.37145e-05 8.81708e-05,0
5 4.92763e-05 -0.000163743,0
6 9.45108e-05 -0.000439376,0
7 0.000161889 -0.000376141,0
8 0.000185921 -0.000193641,0
9 -4.03435e-05 -1.5909e-05,0
10 -8.56918e-06 0.000182911,0
11 0.000126234 0.000490341,0
12 0.000280798 0.000828458,0
13 0.000147262 0.00119985,0
14 -0.000154676 0.00146183,0
15 -0.000194238 0.00182349,0
16 -0.000214746 0.00200557,0
17 -0.000285448 0.00189585,0
18 -0.000732243 0.00191849,0
19 -0.00130707 0.00191543,0
20 -0.00185148 0.00190241,0
21 -0.00222953 0.00164378,0
22 -0.00206515 0.0014257,0
23 -0.00181338 0.00147525,0
24 -7.19998e-05 0.00206504,0
0 0.000456942 0.00293598,0
1 0.00245369 0.00183365,0
2 0.00201133 0.00178211,0
3 0.00155904 0.00164805,0
4 0.00151321 0.00150836,0
5 0.001733 0.00141398,0
6 0.00181213 0.00107426,0
7 0.00197116 0.000704436,0
8 0.00263143 0.000533403,0
9 0.00272792 9.72561e-05,0
10 0.00282908 -9.22311e-05,0
11 0.00273154 -0.000681631,0
12 0.0021508 -0.0011166,0
13 0.00173354 -0.00140234,0
14 0.00151393 -0.00150228,0
15 0.000944205 -0.00134707,0
16 0.000718677 -0.00134078,0
17 0.000383489 -0.0011514,0
18 7.55268e-05 -0.00102089,0
19 -1.59617e-05 -0.000860649,0
20 -0.000352488 -0.000890198,0
21 -0.000445981 -0.000890917,0
22 -0.000686144 -0.000584847,0
23 -0.00066112 -0.000286067,0
24 -0.00126378 -0.00110892,0
0 0.00279248 -0.00104589,0
1 0.0025774 -0.00111141,0
2 0.00274803 -0.00134516,0
3 0.00296095 -0.00157083,0
4 0.00240457 -0.0013117,0
5 0.0020341 -0.00160893,0
6 0.00168184 -0.00178513,0
7 0.000737001 -0.00203749,0
8 0.000295477 -0.0019258,0
9 7.20615e-05 -0.00135323,0
10 -0.000193201 -0.000817426,0
11 -0.000430826 -0.000449967,0
12 -0.000793666 -0.000338084,0
13 -0.000839068 -3.15859e-05,0
14 -0.000594584 0.000723053,0
15 -0.000511132 0.00167339,0
16 -0.000558618 0.00253065,0
17 -0.000923022 0.00282065,0
18 -0.0010601 0.00263613,0
19 -0.00104746 0.0024126,0
20 -0.00142333 0.00224913,0
21 -0.00185305 0.00208527,0
22 -0.00233549 0.00215674,0
23 -0.00266333 0.00206158,0
24 -0.00109133 0.00270201,0
0 0.000726354 -0.0011319,0
1 -0.000601176 -0.00114954,0
2 -0.000808445 -0.00139574,0
3 -0.00110662 -0.0017537,0
4 -0.00127062 -0.00156327,0
5 -0.00123441 -0.00119072,0
6 -0.00103444 -0.00114386,0
7 -0.000718947 -0.00121651,0
8 -0.000577778 -0.00130131,0
9 -0.00094559 -0.0016153,0
10 -0.001242 -0.00194107,0
11 -0.00130066 -0.00186118,0
12 -0.00106648 -0.00162373,0
13 -0.00102912 -0.00135195,0
14 -0.00122704 -0.000968672,0
15 -0.00140346 -0.000358605,0
16 -0.00146714 -0.000184201,0
17 -0.00151929 -0.000102396,0
18 -0.00120334 5.22607e-05,0
19 -0.0010134 4.17105e-05,0
20 -0.000997954 -0.000150112,0
21 -0.00101541 -0.00024644,0
22 -0.00112554 -0.000537968,0
23 -0.00114197 -0.0007798,0
24 -0.000787047 0.000970394,0
0 0.00343205 0.000349001,0
1 0.00462053 0.000504902,0
2 0.00413745 0.000527855,0
3 0.00344496 0.000782702,0
4 0.00296186 0.000967369,0
5 0.00255279 0.00051927,0
6 0.00219216 9.53097e-05,0
7 0.0019604 4.62648e-05,0
8 0.00130629 7.46788e-05,0
9 0.000833093 9.29033e-05,0
10 0.000426961 0.000629352,0
11 0.000339885 0.000958616,0
12 5.20018e-05 0.00105092,0
13 8.89613e-06 0.00107182,0
14 -6.75404e-05 0.000923813,0
15 4.32609e-05 0.000660094,0
16 0.000616555 0.000131806,0
17 0.000350798 -0.0001809,0
18 0.00011437 -0.000675899,0
19 0.000125478 -0.0010159,0
20 0.000126133 -0.00101559,0
21 0.000266661 -0.0014055,0
22 0.000210586 -0.001302,0
23 0.00040348 -0.000769188,0
24 0.000485569 0.00186121,0
0 -0.00304369 -0.000635111,0
1 -0.00122251 0.000580703,0
2 -0.00075235 0.00123074,0
3 -0.000642784 0.00131655,0
4 -0.000409675 0.00125236,0
5 -0.000278624 0.00141282,0
6 -0.000188678 0.00136543,0
7 -0.000137188 0.00137362,0
8 -0.000227411 0.00148851,0
9 -0.000384383 0.0012507,0
10 -0.000198161 0.00106433,0
11 -0.000399599 0.000880867,0
12 -0.000759544 0.000652769,0
13 -0.0012274 0.000119925,0
14 -0.00139329 -0.000345833,0
15 -0.00161457 -0.000455727,0
16 -0.00192462 -0.000368752,0
17 -0.00205922 -0.00043406,0
18 -0.00196853 -0.000479919,0
19 -0.0018674 -0.000583252,0
20 -0.00141456 -0.000765207,0
21 -0.000943604 -0.000958317,0
22 -0.00071623 -0.000700763,0
23 -0.000598477 -0.000587116,0
24 0.00012482 -0.00041661,0
0 -0.00120155 -0.000632768,0
1 0.000466335 -0.00115502,0
2 0.000605993 -0.0015321,0
3 0.000433801 -0.00187858,0
4 0.000320953 -0.00172793,0
5 0.000275435 -0.00149169,0
6 0.000556144 -0.00124232,0
7 0.000763376 -0.00107427,0
8 0.000485764 -0.000944026,0
9 0.000298403 -0.000751551,0
10 1.19999e-06 -0.00033178,0
11 -0.00017482 0.000404471,0
12 -0.000205904 0.000962311,0
13 -1.03658e-05 0.0011801,0
14 0.000365242 0.00127105,0
15 0.000559713 0.00142562,0
16 0.000683268 0.0015218,0
17 0.000892247 0.00124212,0
18 0.000942203 0.000922178,0
19 0.000883513 0.000732236,0
20 0.000482692 0.00076499,0
21 0.000226516 0.000744973,0
22 -0.00016385 0.00068647,0
23 -0.000530069 0.00061933,0
24 -0.000699698 -0.000398749,0
0 0.00210811 0.000545081,0
1 0.00232105 0.00127112,0
2 0.00207031 0.00133706,0
3 0.00202273 0.00119199,0
4 0.00177849 0.00092738,0
5 0.00178965 0.000500253,0
6 0.00211294 0.000258557,0
7 0.00210446 -5.16512e-05,0
8 0.0021663 -0.000380683,0
9 0.00234695 -0.000446023,0
10 0.0022965 -0.00039712,0
11 0.00219523 -0.000737269,0
12 0.00261489 -0.00105949,0
13 0.00275739 -0.00123357,0
14 0.00282024 -0.00195759,0
15 0.00298112 -0.00232686,0
16 0.00290409 -0.00212001,0
17 0.00298918 -0.00214582,0
18 0.00292013 -0.00221717,0
19 0.00249863 -0.00239984,0
20 0.00160258 -0.00253085,0
21 0.00105455 -0.00233486,0
22 0.000571049 -0.00260103,0
23 0.000481295 -0.00238174,0
24 -0.000351834 -0.00128961,0
0 -6.36282e-05 0.00158225,0
1 0.000256608 0.0015457,0
2 0.000216767 0.00172747,0
3 2.46881e-05 0.00175513,0
4 -0.000285739 0.00187511,0
5 -0.000623295 0.00183802,0
6 -0.000737919 0.0016556,0
7 -0.000875865 0.00122486,0
8 -0.000827019 0.00077216,0
9 -0.000692195 0.000717743,0
10 -0.000248338 0.000577826,0
11 8.489e-05 0.000118485,0
12 0.000195038 -0.000309947,0
13 0.00043416 -0.000864655,0
14 0.000619997 -0.00086962,0
15 0.000865872 -0.000804749,0
16 0.00104718 -0.000865795,0
17 0.00109912 -0.000603114,0
18 0.00127768 -3.15599e-05,0
19 0.00131361 0.000506505,0
20 0.00136134 0.00076501,0
21 0.000964505 0.000961739,0
22 0.000660273 0.00126275,0
23 0.000557576 0.00126971,0
24 0.0021268 0.000946469,0
0 0.000903638 0.000275313,0
1 -0.000179345 -6.45082e-05,0
2 -0.000225431 -0.000101711,0
3 -0.000369923 5.49648e-05,0
4 -0.000478618 0.00022892,0
5 -0.000363322 0.000109699,0
6 -7.03384e-05 5.76448e-05,0
7 0.000258551 6.61226e-05,0
8 0.000568121 0.000148917,0
9 0.000814599 -2.38398e-05,0
10 0.00080797 -0.00045574,0
11 0.000973866 -0.000645168,0
12 0.000923519 -0.000835198,0
13 0.000931622 -0.000672511,0
14 0.00086381 -0.00060329,0
15 0.00096165 -0.000535152,0
16 0.00093295 -0.000494283,0
17 0.000803171 -0.000395165,0
18 0.000842631 -0.000423203,0
19 0.00104264 -0.000351646,0
20 0.00137733 -0.00027567,0
21 0.00158626 -8.28988e-05,0
22 0.00177404 2.58157e-05,0
23 0.00165495 5.48141e-05,0
24 0.00159543 0.00103002,0
0 -0.000892674 0.000445353,0
1 -0.00195045 -9.40163e-05,0
2 -0.00214497 9.85979e-05,0
3 -0.00235703 0.000131454,0
4 -0.00269219 -0.000110223,0
5 -0.00279847 -0.000311111,0
6 -0.00291201 -0.000200874,0
7 -0.00298737 -0.00010327,0
8 -0.00297503 -0.000280666,0
9 -0.00260802 -0.000269455,0
10 -0.00224741 -0.000215594,0
11 -0.00180409 -0.000175036,0
12 -0.00129088 -0.000239921,0
13 -0.000785652 -0.00029198,0
14 -0.000396043 -0.000379248,0
15 -1.92062e-05 -0.000371639,0
16 0.000345597 -0.000627199,0
17 0.000419067 -0.000794196,0
18 0.000658214 -0.00129985,0
19 0.000820962 -0.00153583,0
20 0.000671258 -0.00174956,0
21 0.000602004 -0.00167553,0
22 0.000615469 -0.0013172,0
23 0.000796737 -0.000968425,0
24 0.000479482 -0.000701333,0
0 -0.0014404 0.00112798,0
1 -0.000257167 0.00214194,0
2 6.25856e-05 0.00202755,0
3 0.000331746 0.00195131,0
4 8.60086e-05 0.00174589,0
5 5.67878e-05 0.00187235,0
6 -5.54215e-05 0.00190593,0
7 -0.000104696 0.00180306,0
8 -0.000183925 0.00157338,0
9 -0.00022238 0.0017283,0
10 -0.000170893 0.001774,0
11 -0.00024584 0.00161898,0
12 -0.000362616 0.00132315,0
13 -0.000235886 0.000828007,0
14 6.19242e-05 0.000290176,0
15 0.000176315 -0.000207581,0
16 0.000139651 -0.000588894,0
17 0.000116192 -0.000751789,0
18 7.36815e-05 -0.000604685,0
19 -8.81636e-05 -0.000337877,0
20 -7.61296e-05 -0.000168377,0
21 -9.23367e-05 -0.000200472,0
22 -0.000167391 -0.000157761,0
23 -9.38595e-05 -6.42495e-05,0
24 0.0017303 -8.04347e-06,0
0 -0.000167187 -0.00185805,0
1 0.000384104 -0.000871884,0
2 0.000516804 -0.000724184,0
3 0.000705844 -0.000773798,0
4 0.000984507 -0.000607865,0
5 0.000807001 -0.00058077,0
6 0.00096134 -0.000636389,0
7 0.0014772 -0.000656937,0
8 0.00215432 -0.000920875,0
9 0.00225925 -0.00114909,0
10 0.00242314 -0.00117318,0
11 0.00249762 -0.00133601,0
12 0.00278727 -0.00113187,0
13 0.00296793 -0.000855911,0
14 0.0029779 -0.000716019,0
15 0.00306522 -0.000666715,0
16 0.00308942 -0.000625378,0
17 0.0028203 -0.000577009,0
18 0.00237107 -0.000636824,0
19 0.00185548 -0.000868578,0
20 0.00133275 -0.0011447,0
21 0.00102273 -0.00117917,0
22 0.000760673 -0.00131521,0
23 0.000811096 -0.00160872,0
24 0.00167755 -0.00148251,0
0 0.000749825 -0.000436858,0
1 0.00053756 0.000806676,0
2 0.000759891 0.00105127,0
3 0.000700071 0.00149714,0
4 0.000640663 0.00193671,0
5 0.00100048 0.00217177,0
6 0.00114402 0.00211987,0
7 0.00101969 0.00199873,0
8 0.000952084 0.00206831,0
9 0.00113749 0.00240942,0
10 0.000966128 0.00234482,0
11 0.000765173 0.00223557,0
12 0.000622274 0.00185331,0
13 0.000922823 0.00166407,0
14 0.00151623 0.00136664,0
15 0.00205104 0.00111996,0
16 0.00254903 0.000748985,0
17 0.00262248 0.000427577,0
18 0.00264491 0.000118717,0
19 0.00272975 2.52502e-05,0
20 0.00265689 1.06994e-05,0
21 0.00277505 -0.000204896,0
22 0.00302998 -0.000542292,0
23 0.00345805 -0.000445476,0
24 0.00304061 0.000385278,0
0 -0.000931132 -0.00146049,0
1 -0.00090894 -0.00164408,0
2 -0.000507876 -0.00189607,0
3 -0.000551033 -0.00182624,0
4 -0.00073244 -0.00165969,0
5 -0.000719228 -0.00189641,0
6 -0.00073665 -0.00185182,0
7 -0.000939015 -0.00154718,0
8 -0.00143267 -0.00135944,0
9 -0.00191709 -0.00118401,0
10 -0.00246709 -0.00127269,0
11 -0.0027271 -0.00122438,0
12 -0.00305109 -0.00136502,0
13 -0.00328864 -0.00201341,0
14 -0.0033756 -0.00282688,0
15 -0.00323957 -0.00327522,0
16 -0.00321521 -0.00323516,0
17 -0.00308175 -0.00316496,0
18 -0.00300398 -0.00355578,0
19 -0.00282262 -0.00378287,0
20 -0.00253699 -0.00349986,0
21 -0.00220712 -0.00335502,0
22 -0.00168386 -0.00312061,0
23 -0.00148639 -0.00250973,0
24 -0.000114551 -0.000572219,0
0 -0.000653776 -0.00244614,0
1 0.000409471 -0.000287167,0
2 0.000792369 0.00079356,0
3 0.000948043 0.00146742,0
4 0.000759554 0.00197252,0
5 0.000317382 0.0023266,0
6 0.000265283 0.00240709,0
7 0.000228613 0.00274781,0
8 0.000206902 0.00345714,0
9 -1.81428e-05 0.00383939,0
10 -7.88528e-05 0.00392326,0
11 8.87463e-05 0.00365624,0
12 -4.83334e-06 0.00328418,0
13 -4.36285e-05 0.00314606,0
14 -0.00013915 0.00250524,0
15 -0.000448528 0.00218955,0
16 -0.000770554 0.00231581,0
17 -0.000944413 0.00237233,0
18 -0.00108543 0.00199052,0
19 -0.000905618 0.00165242,0
20 -0.00118103 0.00128555,0
21 -0.00114652 0.000785053,0
22 -0.000951925 0.000271,0
23 -0.00111242 -5.65151e-05,0
24 -0.000280427 -0.000222838,0
0 -0.00134165 0.00745314,0
1 0.00125528 0.00587232,0
2 0.00183324 0.0057092,0
3 0.00176084 0.00517274,0
4 0.00110528 0.00406056,0
5 0.000948388 0.00274916,0
6 0.00069337 0.00236686,0
7 0.00041171 0.0025273,0
8 -6.14375e-05 0.00236836,0
9 -0.000442097 0.00248282,0
10 -0.000940068 0.00293365,0
11 -0.0015505 0.00306914,0
12 -0.00233265 0.00360061,0
13 -0.00280516 0.0042243,0
14 -0.00378879 0.00374564,0
15 -0.00448833 0.00272835,0
16 -0.00369614 0.00243555,0
17 -0.00303276 0.00213092,0
18 -0.00279 0.00199597,0
19 -0.00253608 0.00195459,0
20 -0.0016355 0.00189702,0
21 -0.000930428 0.00051484,0
22 -0.000639151 6.02418e-05,0
23 -0.000234801 0.000250869,0
24 1.80816e-05 0.00211991,0
0 0.00221061 0.00108252,0
1 0.00178988 0.00107638,0
2 0.00172557 0.00108249,0
3 0.0013291 0.000954278,0
4 0.00079254 0.000908864,0
5 0.000238154 0.00072473,0
6 -0.000245192 0.00069022,0
7 -0.000516251 0.000763162,0
8 -0.00083309 0.00100861,0
9 -0.000776366 0.00124979,0
10 -0.000768503 0.00124933,0
11 -0.000832528 0.00134091,0
12 -0.0009825 0.00138961,0
13 -0.000873256 0.00131026,0
14 -0.000732779 0.00118582,0
15 -0.000467832 0.0011658,0
16 -0.000149362 0.00107441,0
17 0.000348381 0.000871729,0
18 0.000615529 0.00099368,0
19 0.000870918 0.00131185,0
20 0.000885844 0.00165995,0
21 0.000990297 0.00194613,0
22 0.00124514 0.00210445,0
23 0.0015511 0.00231626,0
24 0.000707312 0.00267627,0
0 0.0026521 -6.29701e-05,0
1 0.00179498 -0.00026961,0
2 0.00153638 -0.000471428,0
3 0.00169818 -0.000347261,0
4 0.00176249 -2.65155e-05,0
5 0.00178417 -9.17093e-05,0
6 0.00158147 -4.65365e-05,0
7 0.00154652 0.000246133,0
8 0.00137625 0.000391207,0
9 0.00111579 0.000565232,0
10 0.000747096 0.00065649,0
11 0.00017066 0.00072801,0
12 -0.000252466 0.000438793,0
13 -0.000236828 0.000411219,0
14 -0.000245224 0.00030653,0
15 -0.000527924 0.000300257,0
16 -0.000747809 0.000173246,0
17 -0.0010182 -6.8685e-05,0
18 -0.00114887 -5.34934e-05,0
19 -0.00117503 8.4071e-05,0
20 -0.00118672 -8.31542e-05,0
21 -0.000868404 -0.00022969,0
22 -0.000438995 -0.000378724,0
23 -7.5417e-05 -0.000346413,0
24 0.00139139 -0.000357714,0
0 0.00357174 0.0026731,0
1 0.0025605 0.00316686,0
2 0.00256238 0.00314409,0
3 0.00238877 0.00274164,0
4 0.00226147 0.00272854,0
5 0.00234228 0.00288008,0
6 0.00235001 0.00275293,0
7 0.00241118 0.00300451,0
8 0.00236107 0.00300689,0
9 0.00248231 0.0028961,0
10 0.00257948 0.00318315,0
11 0.0022784 0.00331667,0
12 0.00168149 0.00334056,0
13 0.00110511 0.00332645,0
14 0.00084233 0.00327421,0
15 0.00045759 0.00342918,0
16 1.31147e-05 0.00353897,0
17 -0.000188566 0.00330386,0
18 -0.000404473 0.00313107,0
19 -0.000458979 0.00299211,0
20 -0.000517899 0.00280139,0
21 -0.000731247 0.00281225,0
22 -0.00106926 0.00274213,0
23 -0.0011841 0.00228634,0
24 0.000653126 0.00158858,0
0 0.000641525 -0.000117433,0
1 0.00123855 -0.000212272,0
2 0.00136026 -0.000446801,0
3 0.00120985 -0.000510348,0
4 0.00098356 -0.000632641,0
5 0.000789169 -0.000643713,0
6 0.000809692 -0.000542216,0
7 0.000467631 -0.000470667,0
8 0.000404148 -0.000641694,0
9 0.000515236 -0.000697897,0
10 0.00060011 -0.00084521,0
11 0.000563525 -0.000778573,0
12 0.000573277 -0.000585091,0
13 0.000560025 -0.000351414,0
14 0.000492216 -0.000267174,0
15 0.000244098 -0.000279663,0
16 -6.1493e-05 -0.000255821,0
17 -0.0002169 -0.000266758,0
18 -0.000374329 -0.000295534,0
19 -0.000398687 -0.000302234,0
20 -0.000262384 -0.000395238,0
21 -0.000153884 -0.000322271,0
22 -5.26701e-05 -0.000176195,0
23 0.000314609 -7.43756e-05,0
24 0.00133722 0.000629235,0
