50 33 1 0 1
0 -0.00106818 0.000282863
1 -0.000132697 0.000658213
2 -4.25494e-05 0.000822161
3 -5.61812e-05 0.000758302
4 6.00756e-05 0.000804354
5 0.000464792 0.000617053
6 0.000703672 0.000672085
7 0.000494268 0.000567247
8 0.000149647 0.000526191
9 0.000110134 0.000373935
10 -0.000322407 0.000145768
11 -0.000822711 -1.31163e-05
12 -0.00111546 -0.00027858
13 -0.00146129 -0.000833996
14 -0.00163889 -0.00133214
15 -0.00163219 -0.00172119
16 -0.00144148 -0.00216761
17 -0.00101538 -0.00263349
18 -0.000675079 -0.00304989
19 -0.000211919 -0.00350121
20 0.00030814 -0.00375869
21 0.000752079 -0.00384738
22 0.00106231 -0.00398786
23 0.00111645 -0.00414018
24 0.0011664 -0.00405761
25 0.00113401 -0.00390962
26 0.000738388 -0.00356699
27 0.000603593 -0.00319351
28 0.00055857 -0.00266685
29 0.000489798 -0.00235618
30 0.000353221 -0.00220395
31 0.000133203 -0.00219463
32 0.000897293 -0.000295975
0 0.000396734 0.00086336
1 0.000443967 0.000496811
2 0.000586393 0.000405073
3 0.000740698 0.000315661
4 0.000864326 0.000139376
5 0.000899437 9.06072e-05
6 0.000878316 4.00761e-05
7 0.000852352 4.18377e-05
8 0.000775381 7.97876e-05
9 0.000826309 8.15414e-05
10 0.00102419 1.48521e-05
11 0.00107189 3.98928e-05
12 0.00112183 0.000106631
13 0.00112089 0.000158043
14 0.00113973 0.000108732
15 0.00111865 1.53363e-05
16 0.0011864 5.00556e-05
17 0.00131812 7.71048e-05
18 0.00141528 3.28591e-05
19 0.00140629 -1.75638e-05
20 0.00139787 -5.71029e-05
21 0.00137578 -6.31276e-06
22 0.00123285 3.53199e-05
23 0.00109891 3.94033e-05
24 0.000937225 5.6784e-05
25 0.00077187 4.47681e-05
26 0.000526637 2.35929e-05
27 0.000312507 1.48787e-05
28 0.000216254 -5.14133e-05
29 0.000145349 -0.000203027
30 0.000100826 -0.000280533
31 9.80156e-05 -0.00024013
32 -0.000140614 -8.3224e-05
0 0.000972736 0.000189681
1 0.000147341 0.000495668
2 0.000233258 0.000691862
3 0.000244413 0.00079907
4 0.000362011 0.000639481
5 0.000418738 0.00050177
6 0.000644064 0.000445334
7 0.000635918 0.000311275
8 0.000402994 0.000222718
9 0.000226177 2.50349e-05
10 -1.29713e-05 -1.11228e-05
11 -0.000188945 8.32222e-06
12 -6.6418e-05 0.000123226
13 -5.59821e-05 -8.60637e-05
14 -0.000142336 -5.70618e-05
15 -0.000275916 0.000181216
16 -0.000404573 1.91273e-05
17 -0.000435286 2.78665e-05
18 -0.000271639 -1.23404e-05
19 -0.000210974 -2.99307e-05
20 -0.000240099 -3.88357e-05
21 -1.39678e-05 3.80067e-05
22 0.000151987 0.000102254
23 0.000406857 1.47512e-05
24 0.000770955 -0.000154415
25 0.000949133 -0.000186385
26 0.00112855 0.000151928
27 0.00119151 0.000329944
28 0.00136204 0.000367228
29 0.00139456 0.000324649
30 0.00147357 0.000180692
31 0.00145249 9.25311e-05
32 -3.18053e-07 -5.35057e-05
0 0.00192036 0.000628009
1 0.00138079 0.00056112
2 0.00147892 0.000359876
3 0.00155285 0.000358245
4 0.00169987 0.000717608
5 0.0018499 0.00105722
6 0.00192805 0.00111341
7 0.00195181 0.00121225
8 0.00195989 0.00114598
9 0.00181776 0.00131961
10 0.00153449 0.0014956
11 0.0013303 0.00153536
12 0.00115301 0.00165724
13 0.00093169 0.00151519
14 0.000767106 0.0012787
15 0.000570888 0.00110018
16 0.000361625 0.00104499
17 0.000165449 0.000956069
18 -0.000131077 0.00072992
19 -0.000526196 0.00050023
20 -0.000655495 0.000544749
21 -0.00079498 0.000471073
22 -0.00102079 0.000434242
23 -0.0010844 0.000548226
24 -0.00102686 0.000668673
25 -0.000931981 0.000610579
26 -0.000912786 0.000583854
27 -0.000881394 0.000403412
28 -0.000883738 0.000284421
29 -0.000763144 0.000111333
30 -0.000926377 -1.56978e-06
31 -0.00124164 -2.13092e-05
32 -0.00103558 -0.000579856
0 0.0014171 0.00131291
1 0.00220344 0.00107256
2 0.00214587 0.000931401
3 0.00231868 0.000683675
4 0.00246283 0.000668797
5 0.00242195 0.000758564
6 0.00252 0.000842118
7 0.00241234 0.000912187
8 0.00208306 0.00136111
9 0.00201456 0.00139882
10 0.00183145 0.00132817
11 0.00139238 0.00119355
12 0.00109422 0.00115488
13 0.000782649 0.00120445
14 0.000689108 0.00119934
15 0.000495947 0.00130869
16 0.000444394 0.00126682
17 0.000539218 0.00121286
18 0.000620888 0.00107237
19 0.000840165 0.00088901
20 0.00093496 0.000718868
21 0.00101673 0.000481207
22 0.000989963 0.000445497
23 0.000997255 0.000434739
24 0.00107252 0.000618383
25 0.00133623 0.000772222
26 0.00140583 0.000954051
27 0.00138402 0.000867754
28 0.00144169 0.00104128
29 0.00148317 0.00101877
30 0.00119402 0.00111
31 0.00091045 0.00113777
32 0.000436914 0.00152957
0 0.000331259 -0.000898346
1 0.000315818 -0.000877245
2 0.000257088 -0.00135743
3 8.20954e-05 -0.00152936
4 -9.488e-05 -0.00155565
5 -0.000241512 -0.00136065
6 -0.000202341 -0.00100922
7 1.50107e-05 -0.000848995
8 0.000145089 -0.00101616
9 0.000198092 -0.0011322
10 0.000206704 -0.00113645
11 0.000190416 -0.000962992
12 -8.50447e-05 -0.000863773
13 -0.000386559 -0.000874784
14 -0.0010204 -0.00100803
15 -0.00150726 -0.00110599
16 -0.00182824 -0.00108775
17 -0.00193747 -0.00129164
18 -0.00173134 -0.0011537
19 -0.00174794 -0.000880669
20 -0.00182834 -0.000813507
21 -0.00213861 -0.000853518
22 -0.00206485 -0.000786673
23 -0.00207239 -0.000644643
24 -0.00241264 -0.000663365
25 -0.00255155 -0.000868865
26 -0.00241057 -0.00112493
27 -0.00245315 -0.00130754
28 -0.00259565 -0.001487
29 -0.00257619 -0.00156557
30 -0.00243974 -0.00163129
31 -0.00190131 -0.00164757
32 -0.00235311 -0.000930636
0 -0.000703046 9.02931e-05
1 8.79944e-05 0.000833234
2 0.00015802 0.00116065
3 0.000243772 0.00156636
4 0.000552515 0.0016533
5 0.000832748 0.00158537
6 0.000905113 0.00153783
7 0.000886845 0.00146441
8 0.000854534 0.00137927
9 0.000735757 0.00118876
10 0.000475226 0.00116808
11 0.000267058 0.00100412
12 0.000263499 0.000817171
13 -3.11044e-05 0.00077844
14 -9.15765e-05 0.000730325
15 0.000154609 0.000570656
16 0.000191529 0.00029254
17 5.37517e-05 0.000310409
18 3.73559e-05 0.000409869
19 8.52175e-06 0.000334115
20 -0.00011293 0.000203211
21 -0.000283433 0.000401479
22 -0.000272524 0.000278517
23 -7.33905e-05 0.000164649
24 2.94202e-05 9.99777e-06
25 7.92719e-05 -5.91141e-05
26 -4.96832e-05 8.76103e-05
27 -5.09498e-05 2.90629e-05
28 0.000127265 0.000100859
29 0.000398027 0.000300587
30 0.000675555 0.000510912
31 0.000544772 0.000670138
32 0.000244386 0.000467601
0 6.23721e-05 -0.00107689
1 -0.00104658 -0.000749234
2 -0.000957771 -0.000764315
3 -0.000785717 -0.000839136
4 -0.000490422 -0.000822836
5 -0.000200989 -0.000723779
6 -0.000192393 -0.000723114
7 -0.000190364 -0.000790904
8 -0.000222698 -0.000804153
9 -0.000491476 -0.00081278
10 -0.000608602 -0.00071423
11 -0.000628595 -0.000439824
12 -0.00061013 -0.000366673
13 -0.000490381 -0.000201411
14 -0.000440093 -4.7007e-05
15 -0.000450934 7.90749e-05
16 -0.000412254 0.000146355
17 -0.00039357 0.000289416
18 -0.000361866 0.000258143
19 -0.000356459 0.000242632
20 -0.000393174 0.000399567
21 -0.000413485 0.000556755
22 -0.000567185 0.000651235
23 -0.000741391 0.000586496
24 -0.000923585 0.000602903
25 -0.00100756 0.000580445
26 -0.00103581 0.00057548
27 -0.00111898 0.000674792
28 -0.00108272 0.000724477
29 -0.000998723 0.000778796
30 -0.000866091 0.000888499
31 -0.000649924 0.000992309
32 -0.000307061 0.000662624
0 0.000605761 0.000803338
1 0.000435529 0.000438838
2 0.000592771 0.000358442
3 0.000760909 0.000347393
4 0.000712972 0.000321715
5 0.000663811 0.000292092
6 0.000650629 0.000206769
7 0.000659519 1.99738e-05
8 0.000723647 1.93222e-05
9 0.000687109 -5.65779e-05
10 0.000605515 -0.000114395
11 0.000513348 -0.000286535
12 0.000523793 -0.000405215
13 0.000681099 -0.000346272
14 0.000804966 -0.000337567
15 0.000781073 -0.000478363
16 0.000678326 -0.00058303
17 0.000361843 -0.000683351
18 0.000275222 -0.00067504
19 0.00033562 -0.000778878
20 0.000180798 -0.000840523
21 8.26155e-05 -0.00099271
22 -0.000199175 -0.00112237
23 -0.0003973 -0.00105919
24 -0.000530909 -0.00102565
25 -0.000430108 -0.00093437
26 -0.00040131 -0.000851338
27 -0.000302559 -0.000837891
28 -0.000142267 -0.000772849
29 2.72469e-05 -0.00066494
30 4.45139e-05 -0.000553905
31 4.83877e-05 -0.000406994
32 -0.000423839 -0.000391643
0 0.000199535 -4.49025e-05
1 -0.000195687 -0.000679019
2 -0.000260176 -0.000784285
3 -0.000257799 -0.000927516
4 -0.000370663 -0.00104743
5 -0.000398185 -0.000953871
6 -0.000394975 -0.000784125
7 -0.00028824 -0.00042331
8 -0.000138742 -0.000253838
9 2.63984e-05 -0.000192427
10 0.000115566 -0.000482625
11 0.00012358 -0.000579584
12 0.000277337 -0.000579526
13 0.000568975 -0.000546586
14 0.00109132 -0.000427341
15 0.00149328 -0.000255893
16 0.00172969 -7.97796e-05
17 0.00186557 -3.54796e-05
18 0.00199146 -0.000120906
19 0.00207512 -0.000173158
20 0.00218996 -0.000248597
21 0.00231164 -0.000237433
22 0.00227752 -0.000131216
23 0.00223526 8.12099e-06
24 0.00220903 6.48828e-05
25 0.00210501 0.000176669
26 0.00193447 0.000442938
27 0.00162098 0.000644419
28 0.00132151 0.000798097
29 0.00115203 0.000905132
30 0.00107338 0.00113326
31 0.00119614 0.00120284
32 0.00171711 0.000121221
0 -0.00120447 0.000116594
1 -0.00119578 -0.000258839
2 -0.00126865 -0.000333344
3 -0.00145805 -0.000349367
4 -0.00155898 -0.000283041
5 -0.00163855 -0.000212557
6 -0.00171224 -9.70018e-05
7 -0.00174322 -0.000112226
8 -0.00175137 -0.000174063
9 -0.00166792 -0.000176285
10 -0.00152994 -5.59148e-05
11 -0.00144252 -1.74016e-05
12 -0.00133022 -2.81346e-05
13 -0.00132009 -4.22923e-05
14 -0.00133809 -3.71286e-05
15 -0.00129548 8.90842e-06
16 -0.00125002 9.27309e-05
17 -0.0012778 0.000228702
18 -0.00141461 0.000303661
19 -0.00148303 0.000193579
20 -0.00145028 0.000168023
21 -0.00132441 0.000179732
22 -0.00124054 0.000133546
23 -0.00106218 0.0001825
24 -0.000827863 0.000257812
25 -0.000731516 0.000222663
26 -0.000587181 0.000178286
27 -0.000469529 0.000144967
28 -0.000357505 0.000133841
29 -0.000290629 0.000116991
30 -0.00018699 1.43783e-05
31 -8.67002e-05 2.69278e-05
32 -0.000234991 -0.000162621
0 4.07892e-05 -0.00328746
1 0.00129162 -0.00263742
2 0.000966115 -0.00271114
3 0.000763495 -0.00288477
4 0.000649238 -0.00266504
5 0.000948268 -0.00186117
6 0.000666591 -0.000971497
7 0.00032329 -0.000311641
8 0.000100258 0.000251942
9 8.13979e-05 0.000881696
10 0.000203297 0.000987254
11 0.000390275 0.000714233
12 0.000412839 0.000544814
13 0.000398626 0.000585172
14 0.000483738 0.00038135
15 0.000397021 0.000243224
16 0.000167197 0.000125659
17 -0.000315331 7.83847e-07
18 -0.000747414 -0.000334165
19 -0.000891147 -0.000711227
20 -0.0010651 -0.00102096
21 -0.000985439 -0.00109824
22 -0.00111485 -0.00110131
23 -0.00137548 -0.00110341
24 -0.00150517 -0.00116079
25 -0.00144429 -0.00111573
26 -0.00146294 -0.000781187
27 -0.00129805 -0.000345844
28 -0.001416 -2.87168e-06
29 -0.0018781 0.000438623
30 -0.00215373 0.000829038
31 -0.00233742 0.000970644
32 -0.00266575 0.00121865
0 0.00155679 -0.000201353
1 0.00138354 0.000624212
2 0.00130579 0.000731086
3 0.00132139 0.000547181
4 0.00122024 0.000321658
5 0.00142892 0.000105253
6 0.00156331 -0.000114953
7 0.00157988 -0.000503751
8 0.00126535 -0.000879645
9 0.00109504 -0.00104428
10 0.000896385 -0.00111766
11 0.000531951 -0.00118482
12 0.000252158 -0.00137214
13 3.44714e-05 -0.00152447
14 -0.000105351 -0.00137528
15 -7.91877e-05 -0.00137412
16 5.33906e-05 -0.00126783
17 0.000112392 -0.000956162
18 5.82531e-05 -0.00080059
19 0.000100164 -0.00036726
20 0.000137891 3.00899e-05
21 0.000180335 0.000165442
22 8.9282e-05 0.000154788
23 -5.70684e-05 0.00023279
24 -0.00018667 0.000208799
25 -0.000329271 0.000275389
26 -0.000355496 0.000272493
27 -0.000359833 0.000227354
28 -0.000400086 0.0001589
29 -0.00053729 0.00022445
30 -0.000576912 0.000312157
31 -0.000550433 0.00031416
32 -0.000709926 0.000639734
0 -0.00216014 0.00251319
1 -0.0042267 0.00193107
2 -0.00443748 0.00146368
3 -0.00449736 0.00137111
4 -0.00440221 0.000312064
5 -0.00463627 -0.00059697
6 -0.00471761 -0.00131818
7 -0.00470621 -0.00142938
8 -0.00437772 -0.000975786
9 -0.00410227 -0.000152869
10 -0.00369879 -3.55391e-05
11 -0.0030168 1.31394e-05
12 -0.00233056 -3.03726e-05
13 -0.00130372 -0.000228319
14 -0.000936796 -0.000995253
15 -0.000822331 -0.00160214
16 -0.000345177 -0.00195004
17 -0.000253203 -0.00222202
18 -0.000519198 -0.00251084
19 -0.00073788 -0.00274936
20 -0.000674283 -0.00324223
21 -0.000732152 -0.00399708
22 -0.000268752 -0.00455801
23 0.000161002 -0.00463764
24 0.000654197 -0.00481948
25 0.000747751 -0.00462696
26 0.000814392 -0.0041777
27 0.000540905 -0.0036562
28 0.000418785 -0.003329
29 0.000660004 -0.00339396
30 0.00120768 -0.0032221
31 0.00124456 -0.00287926
32 0.00112062 -0.00229189
0 0.00129316 -0.000167619
1 0.0013722 -4.02919e-05
2 0.00146063 -0.000214218
3 0.0014011 -0.000287333
4 0.0013142 -0.000351803
5 0.00122363 -0.00043368
6 0.0012378 -0.000503282
7 0.00122612 -0.000516701
8 0.00126117 -0.000570003
9 0.00119124 -0.000361596
10 0.00101576 -0.000318328
11 0.00100545 -0.000287854
12 0.000946127 -0.000148646
13 0.000764443 -8.22852e-05
14 0.000560181 -5.70987e-05
15 0.000401787 -6.6664e-05
16 0.00035433 -0.000129536
17 0.000482754 -0.000112766
18 0.000629614 7.17369e-07
19 0.000671691 3.30532e-05
20 0.000576652 -3.49965e-06
21 0.000426728 -1.63441e-05
22 0.000289937 -5.00378e-05
23 0.000262947 -8.41283e-05
24 0.00013728 -5.83473e-05
25 1.14697e-05 -0.0001547
26 -4.66045e-05 -0.000279036
27 -0.000200197 -0.000306242
28 -0.000187941 -0.000333155
29 -0.000151182 -0.000366869
30 -0.000126872 -0.000324635
31 -0.000189586 -0.000305671
32 -0.000965121 -0.000664458
0 -0.000624552 -0.000646615
1 -0.000514328 -0.000501843
2 -0.000536715 -0.000420748
3 -0.000746355 -0.000371601
4 -0.00101 -0.000275948
5 -0.0012797 -0.000210887
6 -0.00149198 -0.000198764
7 -0.00160607 -0.000108917
8 -0.00156177 -0.000175823
9 -0.00153017 -0.000372613
10 -0.00147286 -0.000510936
11 -0.00142129 -0.00057292
12 -0.00129487 -0.000542194
13 -0.00129461 -0.000495046
14 -0.00126345 -0.000552585
15 -0.0013033 -0.000649376
16 -0.0013389 -0.000685836
17 -0.00141699 -0.000776816
18 -0.00149963 -0.000757138
19 -0.00146139 -0.000649272
20 -0.00134126 -0.000553671
21 -0.00128395 -0.000622875
22 -0.00110427 -0.000703294
23 -0.000808545 -0.000768532
24 -0.000641037 -0.000775035
25 -0.000591308 -0.000668961
26 -0.000580217 -0.000609901
27 -0.000476825 -0.000537414
28 -0.000336903 -0.000434006
29 -0.000292243 -0.000403171
30 -0.000315979 -0.000409785
31 -0.000285275 -0.000475745
32 -0.000898692 -0.000337026
0 0.000149058 0.00343955
1 0.000168551 0.0027215
2 0.000258791 0.00261848
3 0.000336535 0.00272535
4 0.000287182 0.00284189
5 0.000278879 0.00228595
6 0.000202038 0.00186456
7 -7.85951e-05 0.00171365
8 -0.000464869 0.00171674
9 -0.000737241 0.001826
10 -0.000881093 0.0019274
11 -0.000715609 0.00175879
12 -0.000491462 0.00178076
13 -7.87532e-05 0.00149055
14 0.000210978 0.0012489
15 0.000538494 0.00136223
16 0.00104732 0.00147248
17 0.00140669 0.0015802
18 0.00149726 0.00159885
19 0.00189257 0.0017194
20 0.00202852 0.00152593
21 0.00237987 0.0013623
22 0.00272249 0.00116279
23 0.002853 0.000759441
24 0.00258318 0.000476029
25 0.00242582 0.000139617
26 0.00264952 -0.000349069
27 0.00266482 -0.000920419
28 0.00297436 -0.00123124
29 0.00309325 -0.00102798
30 0.00319778 -0.000919563
31 0.00297046 -0.000988427
32 0.00150367 -0.00122693
0 -0.00101535 -0.00185322
1 -0.00107083 -0.0017355
2 -0.0011139 -0.00185344
3 -0.00116431 -0.00188488
4 -0.00118921 -0.00181971
5 -0.00131897 -0.00161808
6 -0.00129228 -0.00114519
7 -0.00121517 -0.000742699
8 -0.00119692 -0.000449752
9 -0.001131 -0.000330455
10 -0.00117667 -5.65782e-05
11 -0.00114141 9.6521e-05
12 -0.00115784 9.12474e-05
13 -0.00120058 0.000125432
14 -0.00118628 0.000124586
15 -0.00112097 0.000136494
16 -0.00103324 0.000132977
17 -0.000856378 0.000122421
18 -0.000690218 2.14964e-05
19 -0.00057472 -2.4926e-05
20 -0.000618579 -4.46059e-05
21 -0.000813371 0.00013084
22 -0.000937167 0.000299066
23 -0.00111524 0.000333323
24 -0.00102392 0.000388781
25 -0.000935187 0.000355009
26 -0.00101392 0.000384496
27 -0.00102996 0.000587524
28 -0.000979388 0.000742777
29 -0.000882409 0.00083488
30 -0.000726991 0.000891586
31 -0.00049988 0.00114399
32 -0.000449006 0.00134811
0 0.00014588 -0.000600537
1 0.00012513 1.96349e-05
2 -0.000104517 -5.4497e-05
3 -0.000288907 -1.96836e-05
4 -0.000472457 1.66072e-05
5 -0.000773392 -0.0002114
6 -0.00114141 -0.000359366
7 -0.00122587 -0.000629391
8 -0.00127912 -0.00113407
9 -0.00133147 -0.00140818
10 -0.00124425 -0.00184884
11 -0.00111082 -0.00224017
12 -0.00105201 -0.00246954
13 -0.00102148 -0.00242538
14 -0.00102211 -0.00222363
15 -0.000977224 -0.00226659
16 -0.000862394 -0.00213699
17 -0.000785462 -0.00181541
18 -0.000733848 -0.00159575
19 -0.000756846 -0.00145104
20 -0.000701748 -0.00139401
21 -0.000567567 -0.00134532
22 -0.000605767 -0.00119857
23 -0.000861035 -0.00134044
24 -0.000787617 -0.00133455
25 -0.000694562 -0.00110868
26 -0.000724551 -0.00096831
27 -0.000753781 -0.000930979
28 -0.000836642 -0.00098079
29 -0.000862934 -0.00107361
30 -0.000816748 -0.00112495
31 -0.000657645 -0.00109762
32 -8.06029e-05 -0.000459562
0 0.000615846 0.00216583
1 -0.000260438 0.00165766
2 -0.000212609 0.00173546
3 -0.00018588 0.00148119
4 -2.73419e-05 0.0011642
5 -8.06873e-05 0.000477397
6 -0.000674631 -0.000123157
7 -0.000819265 -0.000678547
8 -0.00081642 -0.000356639
9 -0.000717925 -0.000305665
10 -0.000665088 -0.000290444
11 -0.000663427 -0.000134244
12 -0.000820488 5.69591e-05
13 -0.000926315 6.1021e-06
14 -0.00109295 3.74748e-05
15 -0.00102003 6.95633e-06
16 -0.00100072 -7.11402e-05
17 -0.00096952 2.20929e-07
18 -0.000882367 2.40947e-05
19 -0.000634337 8.29529e-05
20 -0.000286035 -0.000178684
21 1.60804e-05 -0.000338722
22 0.000106464 -0.000343444
23 0.000169489 -0.000232669
24 8.03485e-05 -0.000391395
25 -7.59743e-05 -0.000515509
26 -0.000150567 -0.000645673
27 -0.000359082 -0.000749349
28 -0.000428454 -0.000783919
29 -0.000515408 -0.000788966
30 -0.00046597 -0.000705173
31 -0.00026823 -0.000613285
32 -0.000499519 0.000233697
0 0.000200631 -0.00231599
1 0.000998981 -0.00202401
2 0.000944785 -0.00233289
3 0.000904066 -0.00229972
4 0.000380297 -0.00220062
5 -0.000158831 -0.00248266
6 -0.000358051 -0.00223542
7 -0.000825878 -0.00213329
8 -0.0010486 -0.00202587
9 -0.000868519 -0.00177763
10 -0.00106709 -0.0016561
11 -0.00134274 -0.00125886
12 -0.00154947 -0.000894695
13 -0.00171482 -0.000439377
14 -0.00208989 0.00029605
15 -0.00215955 0.00107644
16 -0.00219013 0.001533
17 -0.0019011 0.00183857
18 -0.00157232 0.00217983
19 -0.00158815 0.00233079
20 -0.00167468 0.0023867
21 -0.00159809 0.00239361
22 -0.00144481 0.00238374
23 -0.00150267 0.00210752
24 -0.00142987 0.00181684
25 -0.00146185 0.00166537
26 -0.00140995 0.00118585
27 -0.00113405 0.000642749
28 -0.00112289 0.000443902
29 -0.00100248 0.000483097
30 -0.000863871 0.000494577
31 -0.000601632 0.000675218
32 -0.000614756 0.00113874
0 -0.00216846 -0.0002449
1 -0.00158241 0.000140788
2 -0.00143023 3.40481e-05
3 -0.00139041 0.000156469
4 -0.00134987 6.51368e-05
5 -0.00129669 -5.05621e-05
6 -0.00114095 -4.30524e-05
7 -0.000956244 -0.000194763
8 -0.000962404 -2.02696e-05
9 -0.000863754 7.83374e-05
10 -0.000677549 7.93324e-05
11 -0.000521185 0.000124801
12 -0.000364322 0.000192448
13 -0.000389264 0.000351294
14 -0.000310011 0.000421602
15 -0.000362723 0.00040804
16 -0.000443011 0.00024153
17 -0.000334164 0.000151527
18 -5.3265e-05 0.000152162
19 4.34271e-05 0.00027347
20 0.000234466 0.000426328
21 0.000204823 0.000413045
22 0.000197509 0.000465587
23 0.000105151 0.000622286
24 -0.000113095 0.000486805
25 -0.000160029 0.000347774
26 -0.000219898 0.000225219
27 -0.000350928 0.000112285
28 -0.000482216 1.44225e-05
29 -0.000596681 0.000125786
30 -0.000609323 6.43138e-05
31 -0.000494653 4.24928e-05
32 -0.00065981 -6.70195e-05
0 0.000579616 0.0001967
1 0.000651264 0.000201875
2 0.000893764 -0.000178767
3 0.000864958 -0.000654496
4 0.000966693 -0.00106842
5 0.000683921 -0.00125422
6 0.000844246 -0.00158011
7 0.000879565 -0.00190704
8 0.000968557 -0.00207404
9 0.000960256 -0.00218387
10 0.000965979 -0.0024818
11 0.000686781 -0.00274195
12 0.000774141 -0.00299751
13 0.000884739 -0.00269484
14 0.000925012 -0.0022331
15 0.000910073 -0.00215289
16 0.000734411 -0.00207096
17 0.000544495 -0.00193344
18 0.000465224 -0.00170984
19 0.000297691 -0.00165203
20 0.000118509 -0.00178762
21 6.37526e-05 -0.00184118
22 -0.000136917 -0.00193143
23 -0.000316232 -0.002139
24 -0.000334987 -0.00225831
25 -0.000196472 -0.00229462
26 -5.89053e-05 -0.00229658
27 5.35201e-05 -0.00237655
28 3.39381e-05 -0.00225779
29 -0.000103233 -0.00216877
30 -0.000198565 -0.00207819
31 -0.000236266 -0.00189848
32 0.000745651 -0.00111766
0 0.00133938 0.000753603
1 0.00097754 0.00101033
2 0.000810435 0.000998
3 0.000514815 0.000743579
4 0.000245053 0.000642034
5 2.61186e-05 0.000320032
6 -9.92478e-05 0.000138727
7 -0.00021732 -0.000173128
8 -0.000201948 -0.000583179
9 -4.57641e-05 -0.000912146
10 0.000133659 -0.00100316
11 0.000147387 -0.00123891
12 -4.62454e-05 -0.0012845
13 -0.000233094 -0.00129135
14 -0.000316844 -0.00115709
15 -0.0003494 -0.00108762
16 -0.000485931 -0.0008774
17 -0.00077292 -0.000682255
18 -0.00104794 -0.000752228
19 -0.00111188 -0.000787034
20 -0.00106499 -0.000834759
21 -0.000852698 -0.000767768
22 -0.000528155 -0.000709884
23 -0.000298406 -0.000845356
24 -0.000341918 -0.000994973
25 -0.000458904 -0.000718472
26 -0.000702323 -0.000551517
27 -0.000951113 -0.000576318
28 -0.00104183 -0.00062416
29 -0.00104764 -0.000483327
30 -0.0011049 -0.000273757
31 -0.00124946 -9.55979e-05
32 -0.000954766 -0.000808675
0 0.00030435 0.00206345
1 0.000639028 0.00147715
2 0.000406543 0.00147683
3 0.000189425 0.00125742
4 0.000204188 0.000891162
5 0.000451746 0.000691775
6 0.00048528 0.000516279
7 0.000545716 0.000340049
8 0.000343299 0.000325823
9 -3.46468e-05 0.000159739
10 -0.000187314 -0.000105811
11 -0.000177071 -0.000404616
12 0.000153124 -0.000236154
13 0.000257454 -0.000394174
14 6.52694e-05 -0.000795716
15 0.000143607 -0.0012401
16 0.000339282 -0.00119536
17 0.000197366 -0.00116825
18 -2.79413e-05 -0.00103135
19 -0.000289291 -0.00103441
20 -0.000347365 -0.00100017
21 1.69883e-05 -0.000783778
22 0.000146055 -0.000559255
23 0.000137566 -0.000288643
24 0.000150667 -9.66683e-05
25 -7.89153e-05 -1.73689e-05
26 -0.000111556 -0.000144613
27 -0.000265169 -0.000441482
28 -0.000393677 -0.000748551
29 -0.000377281 -0.000902964
30 -0.000312394 -0.00102027
31 -0.000130599 -0.00111952
32 0.000490548 -0.000873145
0 0.000827855 -0.00165206
1 0.000476842 -0.00159018
2 0.000663471 -0.00128797
3 0.000935394 -0.00117317
4 0.00103769 -0.00110413
5 0.00101848 -0.00122154
6 0.000820321 -0.00132718
7 0.00074942 -0.0014232
8 0.000700791 -0.00141269
9 0.000584274 -0.00137877
10 0.000420797 -0.00138657
11 0.000331509 -0.00132127
12 0.000310815 -0.00153641
13 0.000203774 -0.00182336
14 0.000162491 -0.00198757
15 0.000202683 -0.00194335
16 0.000311626 -0.00198581
17 0.000546652 -0.00186799
18 0.000571521 -0.00186187
19 0.000680391 -0.00208259
20 0.000912161 -0.00243614
21 0.0009496 -0.00256509
22 0.00107862 -0.00232936
23 0.00111154 -0.00198396
24 0.00096435 -0.00152828
25 0.000999186 -0.00138345
26 0.000985342 -0.00111412
27 0.00100119 -0.00080048
28 0.00101652 -0.000511333
29 0.000814312 -0.000168916
30 0.000633049 0.000203198
31 0.000371186 0.000315677
32 -0.000410151 0.000207943
0 4.65092e-05 -0.00196686
1 -0.000412112 -0.00128799
2 -0.000359743 -0.000862047
3 -0.000564243 -0.000636494
4 -0.000407673 -0.000427194
5 -0.000348211 -4.52924e-05
6 -0.000590715 0.00027576
7 -0.000888769 0.000582452
8 -0.000938225 0.000643207
9 -0.000651806 0.000829088
10 -0.000514818 0.0010571
11 -0.00064539 0.00133567
12 -0.000714113 0.00129118
13 -0.000851019 0.00116254
14 -0.000886217 0.00119922
15 -0.00106323 0.00124198
16 -0.00118316 0.00115299
17 -0.00120399 0.0010557
18 -0.00131808 0.00108363
19 -0.00128906 0.00118752
20 -0.00110088 0.00118457
21 -0.000912977 0.00117058
22 -0.000916578 0.00116307
23 -0.000684621 0.00125705
24 -0.000654204 0.00117935
25 -0.000601411 0.00122559
26 -0.000519258 0.00155327
27 -0.000218046 0.00156117
28 6.88074e-05 0.00142732
29 -8.65546e-05 0.00131926
30 -0.000253483 0.00135585
31 -0.000412082 0.0016412
32 -0.000532849 0.00108192
0 -0.000201735 -0.000292137
1 0.000328685 0.000271969
2 0.000399604 0.000192184
3 0.00045505 0.000173887
4 0.000472058 0.000280502
5 0.000586168 0.000500895
6 0.000609564 0.000619805
7 0.000678327 0.000641546
8 0.000485273 0.000473819
9 0.000392207 0.000387158
10 0.000301371 0.000347043
11 0.000173667 0.000290744
12 -5.08729e-05 0.000225023
13 -0.000184908 0.000189594
14 -0.00028761 0.000184704
15 -0.00031989 0.000126614
16 -0.000369901 6.3892e-05
17 -0.000455314 -6.51346e-05
18 -0.000436511 -2.12258e-05
19 -0.000351178 2.42784e-05
20 -0.000448188 0.000113325
21 -0.000428853 0.000358242
22 -0.000371315 0.000523582
23 -0.000319683 0.000551089
24 -0.000265989 0.000634013
25 -0.000282689 0.000791084
26 -0.00036072 0.000801551
27 -0.000380389 0.000788397
28 -0.000233025 0.000973138
29 -0.000180122 0.00115636
30 -0.000122317 0.00121872
31 -0.000268271 0.00110047
32 -0.0004745 0.00127265
0 0.000137126 -0.000233762
1 0.000220032 -0.00088128
2 0.000332249 -0.000842409
3 0.000370141 -0.000739915
4 0.000564053 -0.000659438
5 0.000642583 -0.000694145
6 0.00067068 -0.00069831
7 0.000740442 -0.000662224
8 0.000754115 -0.000483973
9 0.000595689 -0.000384665
10 0.000366973 -0.00032507
11 0.000133167 -0.00030379
12 0.000144069 -0.000273693
13 0.000102563 -0.000321146
14 0.00010806 -0.000370806
15 5.76558e-05 -0.000384178
16 -9.2291e-06 -0.000361705
17 -6.11497e-05 -0.00027768
18 -0.000165337 -0.00023546
19 -0.000354565 -0.000267346
20 -0.000479614 -0.000173757
21 -0.000598 -7.94492e-05
22 -0.000797012 -9.19711e-06
23 -0.00103299 3.76914e-05
24 -0.00116219 6.4254e-05
25 -0.00119132 0.000160443
26 -0.00118764 0.00019125
27 -0.00119373 0.000105316
28 -0.00123764 -1.13033e-05
29 -0.00120268 -0.000183082
30 -0.00107604 -0.000128941
31 -0.000940759 -2.24722e-05
32 -0.00112403 0.000330067
0 -0.000494885 0.00125967
1 -0.000511786 0.0012625
2 -0.000240915 0.000974323
3 2.05276e-05 0.000826706
4 0.000198857 0.000722353
5 0.000373236 0.000597731
6 0.000572285 0.000307566
7 0.000733208 0.000148904
8 0.000762057 7.32734e-05
9 0.000691115 -8.04589e-05
10 0.000760829 -0.000283087
11 0.000860512 -0.000219476
12 0.000870909 -0.000108957
13 0.000805967 0.000139698
14 0.000655894 0.000194253
15 0.000631134 0.000226932
16 0.000566784 0.000208106
17 0.000384028 0.000146763
18 0.000119198 0.00021384
19 -0.000218638 0.0001643
20 -0.000383119 1.25482e-05
21 -0.000638778 -6.38434e-05
22 -0.000931906 -8.96436e-05
23 -0.00106455 -5.72116e-05
24 -0.00126393 2.85045e-05
25 -0.00145303 0.000124216
26 -0.00175692 0.000329079
27 -0.0019916 0.000522907
28 -0.00213196 0.000620812
29 -0.00222906 0.000523991
30 -0.00221931 0.000471432
31 -0.00207542 0.000309959
32 -0.00112164 -5.78956e-05
0 0.00121756 0.000242647
1 0.00136043 -0.000255509
2 0.0013692 -0.000329926
3 0.00102378 -0.000538482
4 0.000966182 -0.000933114
5 0.000911293 -0.00132308
6 0.00107106 -0.00179587
7 0.00130066 -0.00173897
8 0.00169364 -0.00148839
9 0.00196515 -0.00132638
10 0.00215878 -0.00115051
11 0.00199416 -0.00116424
12 0.00174196 -0.00122332
13 0.00156307 -0.00135775
14 0.00139962 -0.00141059
15 0.0012386 -0.00128123
16 0.00102266 -0.00150504
17 0.000865671 -0.00147453
18 0.0010243 -0.00128211
19 0.0010705 -0.00104944
20 0.00100169 -0.000904628
21 0.00105557 -0.001067
22 0.00112954 -0.0010632
23 0.00124122 -0.00124393
24 0.00125228 -0.00123468
25 0.00128989 -0.00109829
26 0.00121829 -0.000915673
27 0.00123806 -0.000666192
28 0.00135035 -0.000454066
29 0.00137787 -0.000296972
30 0.00136626 -9.62931e-05
31 0.00149004 1.74796e-05
32 0.000963788 0.000178714
0 0.00318882 -0.00102377
1 0.00278902 -0.00113383
2 0.00292192 -0.0012735
3 0.0028941 -0.00112975
4 0.00295604 -0.000671166
5 0.00313029 -0.000731645
6 0.00313885 -0.000828995
7 0.0026805 -0.000504968
8 0.00243055 -0.000366917
9 0.00216506 -0.000128973
10 0.00179278 0.00022297
11 0.0014791 0.000546746
12 0.00118934 0.000661881
13 0.00107487 0.000784468
14 0.00109662 0.000897171
15 0.00108707 0.00119853
16 0.000931655 0.00142949
17 0.000749283 0.00160827
18 0.000670765 0.00171571
19 0.000657509 0.00178304
20 0.000502578 0.0019071
21 0.000352935 0.00222694
22 -0.000169978 0.00241823
23 -0.000544236 0.00256745
24 -0.000593515 0.00255886
25 -0.000711596 0.00224862
26 -0.000741871 0.00212429
27 -0.000595704 0.00193502
28 -0.000235108 0.00177805
29 0.000131601 0.00164557
30 0.000601678 0.00143232
31 0.000967201 0.00136781
32 -0.000277793 0.00196758
0 -0.000155485 0.000643886
1 -0.000390282 -0.000285708
2 -0.000617623 -0.000636678
3 -0.000800571 -0.000929751
4 -0.000907009 -0.000698885
5 -0.0009132 -0.000406377
6 -0.000907579 -0.000329475
7 -0.000884902 -6.77281e-05
8 -0.000883864 3.46294e-05
9 -0.00101781 0.000132787
10 -0.00103439 -4.46444e-06
11 -0.0011458 -4.10566e-05
12 -0.00109927 -1.44847e-05
13 -0.000924988 0.000136951
14 -0.000814455 0.000529566
15 -0.000669215 0.000771452
16 -0.000636936 0.000787014
17 -0.000548271 0.00097032
18 -0.000339461 0.00124274
19 -0.000403842 0.00123065
20 -0.000548276 0.00112136
21 -0.000612193 0.00109475
22 -0.000706931 0.00100946
23 -0.000884845 0.00101966
24 -0.000931019 0.00103227
25 -0.000798275 0.00105154
26 -0.000729528 0.000903639
27 -0.000790789 0.000826354
28 -0.000777003 0.000717737
29 -0.000879321 0.000645227
30 -0.00105739 0.000565534
31 -0.0011013 0.000542479
32 -0.00167483 -0.000396994
0 0.0030413 -0.000753472
1 0.00331904 -0.00135967
2 0.00289538 -0.000596986
3 0.00230913 0.000300123
4 0.00201805 0.00100154
5 0.00194094 0.00117203
6 0.00179226 0.00113887
7 0.00166549 0.00124532
8 0.00135937 0.00113249
9 0.000924881 0.000835325
10 0.000370004 0.000930585
11 7.80773e-05 0.00082568
12 5.89253e-05 0.000688418
13 0.000178411 0.000458221
14 5.30732e-05 6.78429e-05
15 7.90822e-05 -0.000337259
16 9.67661e-05 -0.00066785
17 0.000114666 -0.000859536
18 1.72295e-05 -0.00091614
19 -0.000200184 -0.000825524
20 -0.000534735 -0.000802139
21 -0.000539921 -0.00047003
22 -0.00041313 3.44223e-05
23 -0.000147282 0.000644472
24 -4.7055e-05 0.00105483
25 -1.14969e-05 0.00127853
26 0.000362206 0.00150292
27 0.000597481 0.00172071
28 0.000697081 0.00170025
29 0.000760154 0.00165039
30 0.000739988 0.00146427
31 0.000605822 0.0015266
32 0.00138343 0.00104948
0 -0.00117547 -0.00161598
1 8.08141e-05 -0.000412823
2 -0.000137384 -0.000412555
3 -0.000194118 -0.000591532
4 -0.000267195 -0.000760098
5 -0.000523434 -0.000495139
6 -0.000725859 -0.000314857
7 -0.000684386 -0.000149776
8 -0.000548392 -5.11643e-05
9 -0.000311546 7.9568e-05
10 0.000159057 0.000256001
11 0.000627971 0.000167584
12 0.000910025 6.08162e-05
13 0.000925594 -0.00026347
14 0.00103409 -0.000409212
15 0.0010693 -0.000475469
16 0.00111101 -0.000479278
17 0.00118511 -0.000562466
18 0.00133661 -0.000600891
19 0.00135044 -0.000540496
20 0.00135532 -0.000520344
21 0.00136306 -0.000368514
22 0.00137045 -0.000147361
23 0.0012798 -4.1947e-05
24 0.00125639 5.75868e-06
25 0.00114159 -5.78293e-05
26 0.000956796 -0.000153573
27 0.00076555 -4.72786e-05
28 0.000747372 -8.41734e-05
29 0.000612606 -5.75091e-05
30 0.000622163 -4.20336e-05
31 0.00046475 -3.75182e-05
32 -0.000505365 -0.00019603
0 -0.000430792 0.000417
1 0.00058736 9.11878e-05
2 0.000530143 -6.06819e-05
3 0.000370311 -0.000186954
4 0.000251697 -3.55222e-05
5 0.000234103 5.71211e-05
6 0.000376279 -4.15943e-05
7 0.000560059 8.64936e-05
8 0.000656681 0.00027256
9 0.000762752 0.000384401
10 0.000636958 0.000535006
11 0.000589587 0.000718874
12 0.000591621 0.000856191
13 0.000613547 0.00085819
14 0.000592758 0.000688497
15 0.000645887 0.000559682
16 0.000893785 0.000440154
17 0.000980739 0.00017989
18 0.000951172 4.85034e-05
19 0.000992442 -3.14839e-05
20 0.000936219 -5.02511e-05
21 0.00086445 -3.23586e-05
22 0.000888911 -2.84683e-05
23 0.000727637 -5.87214e-06
24 0.000779507 -0.000177207
25 0.000815151 -0.000421032
26 0.000714405 -0.000519165
27 0.000660241 -0.00047488
28 0.00058434 -0.000479855
29 0.000472004 -0.000568704
30 0.000417994 -0.000640996
31 0.000204574 -0.000731828
32 -5.32735e-05 -0.00150189
0 0.00163725 0.00102932
1 0.0018168 -5.88431e-05
2 0.00199521 8.68366e-05
3 0.00204834 0.000186098
4 0.00195219 0.000187793
5 0.00185636 0.000197292
6 0.00181919 0.000167139
7 0.00159541 -1.29987e-05
8 0.00138407 -0.000137521
9 0.00129406 -9.01658e-05
10 0.00124967 9.35089e-05
11 0.00126959 8.13106e-05
12 0.00138975 -4.00951e-05
13 0.00123746 -0.00018431
14 0.0010208 -0.000609934
15 0.000957067 -0.000934098
16 0.00113737 -0.00110798
17 0.00137685 -0.0011896
18 0.0014296 -0.0012626
19 0.00128594 -0.00140355
20 0.00101037 -0.00138392
21 0.000835786 -0.00107194
22 0.000773841 -0.00084353
23 0.000784786 -0.00047179
24 0.000673259 -0.000309629
25 0.000678578 -0.000126402
26 0.00070642 -6.24352e-05
27 0.000617566 -0.000109504
28 0.000542257 -0.000152409
29 0.000592175 6.51477e-06
30 0.000605046 0.000297286
31 0.000455099 0.000513701
32 -0.000147524 0.000392038
0 -0.000254088 0.000943558
1 -0.000175379 0.000974259
2 -8.95921e-05 0.000942259
3 1.07667e-05 0.00105116
4 -0.0001368 0.00120584
5 -0.00033621 0.00126
6 -0.000416403 0.00129889
7 -0.00066448 0.00106011
8 -0.000803327 0.000747594
9 -0.000912263 0.000803997
10 -0.000879184 0.000846557
11 -0.00095721 0.000783147
12 -0.00111248 0.000652926
13 -0.00117115 0.000501602
14 -0.00121605 0.000472842
15 -0.00108115 0.000589887
16 -0.000933613 0.000680237
17 -0.000811549 0.000809477
18 -0.000731231 0.000799949
19 -0.000631657 0.000760487
20 -0.000572291 0.000736451
21 -0.000581519 0.000846655
22 -0.000554403 0.000898085
23 -0.000515997 0.000861371
24 -0.000590928 0.000790315
25 -0.000617215 0.000671521
26 -0.000487157 0.000567512
27 -0.00035586 0.000514899
28 -0.000249326 0.000536908
29 -0.000194797 0.000561871
30 -9.08752e-05 0.000494797
31 -5.16989e-05 0.000480403
32 -0.000975102 0.00083897
0 -0.00022051 0.00114027
1 -0.00015987 0.000502318
2 -0.000195673 0.000321518
3 -0.00026558 0.000440898
4 -0.000311128 0.000551626
5 -0.000158712 0.000490716
6 -1.78161e-05 0.000409674
7 7.0644e-06 0.000444528
8 4.00653e-05 0.000454419
9 1.31531e-05 0.00049249
10 3.63684e-05 0.000348209
11 9.70819e-05 0.000338744
12 7.1004e-05 0.000292886
13 -3.29713e-05 0.00038312
14 -7.73266e-05 0.000307835
15 -6.80767e-05 0.000254356
16 -9.46347e-05 0.000245564
17 -0.000129455 0.00025754
18 -8.86218e-05 0.000343884
19 3.05104e-05 0.000329187
20 0.000259058 0.000363492
21 0.000387459 0.000594407
22 0.000383554 0.000809952
23 0.000251853 0.000810937
24 0.000310946 0.000840002
25 0.000369694 0.00082574
26 0.000330512 0.000829556
27 0.000337003 0.000806957
28 0.000403467 0.000789303
29 0.000453457 0.000642626
30 0.000431667 0.000520507
31 0.000429086 0.000361387
32 0.000617636 0.000259772
0 -0.000347945 -0.000418973
1 -0.000416997 -0.00021381
2 -0.000617631 -0.000281294
3 -0.000724891 -0.000317579
4 -0.000825808 -0.000471153
5 -0.000822954 -0.0005624
6 -0.000742521 -0.000566762
7 -0.000655275 -0.000535295
8 -0.000682184 -0.000616703
9 -0.00069084 -0.00053499
10 -0.000628941 -0.000554215
11 -0.000619499 -0.000737084
12 -0.0004813 -0.000919945
13 -0.000285692 -0.00108115
14 -0.000117358 -0.00119207
15 7.88035e-05 -0.00127941
16 0.000217997 -0.00137721
17 0.000164586 -0.00135397
18 0.000195909 -0.00136228
19 0.000314923 -0.00124166
20 0.000320993 -0.001224
21 0.000313079 -0.00104536
22 0.000229648 -0.000851866
23 0.000148962 -0.000742058
24 5.40889e-05 -0.000739813
25 -9.33143e-07 -0.000594241
26 -5.32881e-05 -0.000495232
27 -0.00014789 -0.000317709
28 -0.000121262 -0.000170461
29 -4.51936e-05 -8.63214e-05
30 -7.89015e-05 -6.2639e-05
31 -0.000163134 0.000158135
32 0.000122081 -0.000270877
0 -0.000427603 0.000524968
1 -0.000611801 0.000496752
2 -0.000521289 0.000412218
3 -0.000413626 0.000344229
4 -0.000457086 0.000271203
5 -0.000514583 0.000275001
6 -0.000490395 0.00027692
7 -0.000494972 0.000254385
8 -0.000525798 0.000170218
9 -0.000459102 6.94448e-05
10 -0.000376955 -0.000133831
11 -0.000358992 -0.00027434
12 -0.000380899 -0.000326073
13 -0.000308859 -0.000459957
14 -0.000215783 -0.000659776
15 -0.000289787 -0.000677885
16 -0.000362898 -0.000735911
17 -0.000486273 -0.000840597
18 -0.000582926 -0.000771176
19 -0.000707527 -0.000524232
20 -0.000871155 -0.000404077
21 -0.000854878 -0.000460907
22 -0.00087373 -0.000505205
23 -0.000777688 -0.000434043
24 -0.000663177 -0.000476563
25 -0.00056298 -0.000391281
26 -0.000442128 -0.000312214
27 -0.000379938 -0.000415704
28 -0.000422202 -0.000473795
29 -0.00038907 -0.00041569
30 -0.000343636 -0.000440682
31 -0.00031008 -0.000442784
32 -0.000753325 -0.000520669
0 -0.00113965 0.00104491
1 -0.000452947 0.00043876
2 -0.000380394 0.000475407
3 -0.000342373 0.000469736
4 -0.000243 0.000433087
5 -0.00040742 0.000390081
6 -0.000340743 0.00031755
7 -0.000176911 0.000239206
8 8.8763e-05 0.000211578
9 0.000192091 0.000171075
10 0.000458592 -9.96344e-06
11 0.000783886 -0.000226828
12 0.00115358 -0.000331738
13 0.0014582 -0.000429827
14 0.00156984 -0.000542977
15 0.00179723 -0.000776194
16 0.00196351 -0.000988156
17 0.00194886 -0.00108849
18 0.00163766 -0.00117144
19 0.00140189 -0.00115859
20 0.00110512 -0.00104228
21 0.000948576 -0.000859421
22 0.000912813 -0.000767324
23 0.000874279 -0.000802462
24 0.000916962 -0.000615734
25 0.000974061 -0.000280267
26 0.00100125 9.86903e-05
27 0.00111889 0.000345147
28 0.00105157 0.000516476
29 0.00108706 0.000570178
30 0.00101771 0.000540278
31 0.0011342 0.000591135
32 0.00129766 0.000763904
0 0.000268336 5.44887e-05
1 0.000513167 2.68513e-05
2 0.000601809 -4.49974e-05
3 0.000602173 -8.83665e-05
4 0.000550502 -0.000162268
5 0.000662874 -0.000313921
6 0.000725844 -0.000665158
7 0.000628107 -0.000995792
8 0.000547843 -0.00111838
9 0.000638382 -0.00106025
10 0.000680454 -0.0010926
11 0.000679991 -0.0010931
12 0.000709652 -0.00109415
13 0.000839139 -0.00102161
14 0.000981598 -0.000898111
15 0.00104847 -0.000844658
16 0.00113183 -0.000776154
17 0.00108687 -0.000729526
18 0.000911576 -0.000739298
19 0.000812807 -0.00068719
20 0.000784473 -0.000589222
21 0.000776166 -0.000440753
22 0.000872805 -0.000342179
23 0.00104948 -0.000159465
24 0.0010486 -8.34223e-05
25 0.000908632 -0.00010691
26 0.000718708 -0.000151261
27 0.000607979 -6.14789e-05
28 0.000490779 0.000183095
29 0.000361731 0.000447289
30 0.00022255 0.000688849
31 0.000276248 0.000820134
32 0.000314729 0.00127847
0 0.000721929 -0.00152078
1 0.000892916 -0.00160565
2 0.00104024 -0.00153598
3 0.00104502 -0.0013511
4 0.000870599 -0.00122652
5 0.000808782 -0.0013298
6 0.000631727 -0.00129957
7 0.000510841 -0.000957995
8 0.000523377 -0.000753501
9 0.000415681 -0.000649438
10 7.74664e-05 -0.000485627
11 -5.4678e-05 -0.000384697
12 -0.000185463 -0.000433589
13 -9.4929e-05 -0.000530038
14 -0.000179711 -0.00076103
15 -0.000209979 -0.000864335
16 -0.000337572 -0.000771811
17 -0.00037236 -0.000832393
18 -0.000460096 -0.00111352
19 -0.000395888 -0.00123122
20 -0.000238145 -0.00132484
21 -0.000118363 -0.00132014
22 4.71652e-05 -0.00129576
23 0.000130979 -0.00137464
24 0.000269662 -0.00138033
25 0.000493505 -0.00130581
26 0.000717308 -0.00111334
27 0.000971065 -0.0010105
28 0.00104083 -0.000913782
29 0.00100082 -0.000714926
30 0.00102631 -0.000622513
31 0.00116306 -0.000376115
32 0.00107343 0.000879902
0 -0.000146448 -0.000524326
1 0.000438826 0.000258134
2 0.0004191 0.000728762
3 0.000412219 0.00112932
4 0.00026808 0.00142128
5 4.72094e-05 0.00158635
6 -0.000204921 0.00163517
7 -0.000326589 0.00174416
8 -0.000425667 0.00193925
9 -0.000455639 0.00193032
10 -0.000290748 0.00180683
11 -0.000167637 0.00170538
12 -0.000184692 0.00157019
13 -0.000149725 0.00147275
14 -0.000196344 0.00108396
15 -0.000382443 0.000688391
16 -0.000527795 0.000607225
17 -0.00071985 0.000460221
18 -0.000837757 0.000294107
19 -0.000755056 6.14405e-05
20 -0.00083554 -0.000130543
21 -0.000694375 -0.000201497
22 -0.000340094 -0.000201167
23 -4.02657e-05 -0.00028348
24 0.00015275 -0.000395636
25 0.000394566 -0.000353105
26 0.000594577 -0.000518605
27 0.000667636 -0.000621402
28 0.000648156 -0.000703743
29 0.00065097 -0.000739834
30 0.000687244 -0.000675847
31 0.000811838 -0.000590463
32 0.00120709 -0.000681567
0 -0.00263426 0.00498259
1 -0.00121806 0.00242916
2 -0.000390546 0.0028778
3 -0.000106367 0.00275339
4 -0.000167443 0.00194643
5 3.64499e-07 0.0012733
6 0.000294182 0.000930319
7 2.81372e-05 0.000875233
8 -0.00050084 0.00068729
9 -0.000595296 0.000525663
10 -0.000851244 0.000764193
11 -0.000936443 0.000972714
12 -0.00151796 0.00147808
13 -0.00191113 0.00202722
14 -0.00222768 0.00193737
15 -0.00252576 0.00124351
16 -0.00195438 0.00112716
17 -0.00167986 0.00109899
18 -0.00199708 0.000937347
19 -0.00235609 0.000927135
20 -0.00251128 0.000380723
21 -0.00289377 -0.000507988
22 -0.00320129 -0.000611671
23 -0.00263913 -0.000835502
24 -0.00169694 -0.00122602
25 -0.00131941 -0.00103178
26 -0.0011106 -0.00055623
27 -0.00140739 -3.92062e-05
28 -0.00158054 0.00025294
29 -0.00126947 -0.000458736
30 -0.00124993 -0.00111975
31 -0.00111779 -0.00122472
32 0.00110918 -0.00140325
0 -0.000101879 -0.000278019
1 -0.000294234 -0.001136
2 -0.000482642 -0.000989699
3 -0.000788738 -0.000864871
4 -0.00100042 -0.00053903
5 -0.000998614 -0.000422644
6 -0.00121008 -0.00038261
7 -0.00129313 -0.000138341
8 -0.00148709 0.000273659
9 -0.00176786 0.000426933
10 -0.00181904 0.000499489
11 -0.00163313 0.000510943
12 -0.00157538 0.000531978
13 -0.00139233 0.000426633
14 -0.00120511 0.000197522
15 -0.0012009 3.43053e-05
16 -0.00113425 2.03218e-05
17 -0.000962766 6.18526e-05
18 -0.000804763 0.000259951
19 -0.000677279 0.000575239
20 -0.000582244 0.000800645
21 -0.000491062 0.000995709
22 -0.00041299 0.00109301
23 -0.000327853 0.00114266
24 -0.000277369 0.00120299
25 -0.000204027 0.00110515
26 -0.000121951 0.000979652
27 -6.06017e-06 0.000834737
28 0.000189244 0.000708113
29 0.000257469 0.000706522
30 0.00018475 0.00072747
31 0.000152364 0.000670739
32 0.000364525 0.000718265
0 0.000797574 -0.000441131
1 0.000453792 -0.000886581
2 0.000441651 -0.00104008
3 0.000551207 -0.00106061
4 0.00061617 -0.000900715
5 0.000478117 -0.000809032
6 0.000464775 -0.000716029
7 0.000390675 -0.000537812
8 0.000277264 -0.000530524
9 0.000201596 -0.000489469
10 -1.79834e-05 -0.000386038
11 -0.000187433 -0.000253753
12 -0.000317103 -0.000227315
13 -0.00028972 -0.000101968
14 -0.000245862 -2.05203e-05
15 -0.000330319 -1.30648e-05
16 -0.000473785 -6.87932e-05
17 -0.000639535 -0.000250582
18 -0.000825101 -0.000375795
19 -0.000931203 -0.000341607
20 -0.00101387 -0.000414394
21 -0.00106844 -0.000492571
22 -0.00108112 -0.000511513
23 -0.0011691 -0.000403998
24 -0.0012651 -0.000356199
25 -0.00127434 -0.000340684
26 -0.00139618 -0.000369495
27 -0.00150266 -0.000363656
28 -0.00152317 -0.000407962
29 -0.00151939 -0.00050146
30 -0.00144802 -0.000412011
31 -0.00138596 -0.000447765
32 -0.00040899 -0.00115779
0 0.00124685 -0.000720355
1 0.000727855 -0.00107227
2 0.000846792 -0.00103322
3 0.000729969 -0.000874368
4 0.000504798 -0.000732027
5 0.000271468 -0.000672405
6 0.000102069 -0.000612073
7 0.000233985 -0.000530854
8 0.000161264 -0.000473226
9 6.39212e-05 -0.000413914
10 9.87321e-05 -0.000246374
11 3.35289e-05 -1.66266e-05
12 -0.000100208 0.000254228
13 -0.000208303 0.000466638
14 -0.000204669 0.000582427
15 -0.000260194 0.000611276
16 -0.000198248 0.00071348
17 -7.61652e-05 0.000808335
18 -0.000101261 0.000814493
19 -0.000184554 0.000805259
20 -0.000353273 0.000798921
21 -0.000638074 0.00085514
22 -0.000716315 0.000820439
23 -0.000648177 0.000734099
24 -0.000696438 0.000721557
25 -0.000879531 0.000797607
26 -0.000780068 0.000850373
27 -0.00057372 0.000666366
28 -0.000481789 0.000520223
29 -0.000442692 0.000373766
30 -0.000389983 7.35598e-05
31 -0.000313219 -2.34557e-05
32 -0.0001496 0.00126875
0 -0.000312926 -0.0014773
1 -7.28868e-05 -0.000773704
2 -4.82809e-05 -0.000949022
3 7.92568e-06 -0.0010666
4 -3.06783e-05 -0.0010968
5 -4.33964e-05 -0.000885025
6 9.84433e-05 -0.00071451
7 3.56518e-05 -0.000620198
8 2.84159e-06 -0.000700833
9 -4.18971e-06 -0.000834866
10 3.70243e-05 -0.000874997
11 9.18359e-05 -0.000722284
12 0.000263811 -0.000540763
13 0.000473789 -0.000213268
14 0.000549933 -6.33055e-05
15 0.00043036 -2.61373e-05
16 0.000295868 -9.20312e-05
17 0.000272857 -0.000112612
18 0.000207153 -0.000192399
19 0.000102895 -0.000339322
20 0.000118432 -0.000388755
21 6.22092e-05 -0.000307654
22 4.09283e-05 -0.000239899
23 5.98744e-05 -0.000156128
24 -9.42425e-06 -6.67148e-05
25 3.20955e-05 2.97395e-06
26 0.000184051 3.24498e-05
27 0.000276416 6.89769e-05
28 0.000483954 0.000144472
29 0.000673884 0.000294971
30 0.000780554 0.000385804
31 0.000775848 0.000440365
32 0.000565076 0.00091546
