loaded data::
   # |   x |         value +/- error         ||      0     1     2     3     4     5     6     7     8     9    10    11    12    13    14    15    16    17    18    19    20    21    22    23    24    25    26    27    28    29    30    31    32    33
============================================================================================================================================================================================================================================================
   0 |   0 |        1.0000 +/- 0             ||   1.00  0.00  0.00  0.00  0.00  0.00  0.00  0.00  0.00  0.00  0.00  0.00  0.00  0.00  0.00  0.00  0.00  0.00  0.00  0.00  0.00  0.00  0.00  0.00  0.00  0.00  0.00  0.00  0.00  0.00  0.00  0.00  0.00  0.00
   1 |   1 |        2.8825 +/- 0.011245      ||         1.00  0.89  0.82  0.71  0.60  0.45  0.00  0.10  0.07  0.09  0.02  0.06  0.05  0.10  0.10  0.06  0.08  0.05  0.06  0.08  0.08  0.07  0.06  0.07  0.07  0.09  0.05  0.10  0.09  0.11  0.09  0.08  0.07
   2 |   2 |        2.1744 +/- 0.0082314     ||               1.00  0.87  0.74  0.63  0.51  0.00  0.13  0.11  0.11  0.04  0.07  0.04  0.08  0.08  0.04  0.07  0.05  0.07  0.10  0.08  0.08  0.06  0.06  0.06  0.07  0.05  0.09  0.08  0.10  0.06  0.06  0.03
   3 |   3 |        1.7845 +/- 0.0061601     ||                     1.00  0.81  0.66  0.56  0.00  0.15  0.11  0.13  0.03  0.05  0.04  0.10  0.09  0.04  0.07  0.04  0.07  0.09  0.08  0.07  0.06  0.08  0.08  0.09  0.07  0.11  0.10  0.11  0.08  0.06  0.03
   4 |   4 |        1.5226 +/- 0.0048604     ||                           1.00  0.75  0.61  0.00  0.14  0.14  0.18  0.08  0.07  0.06  0.12  0.12  0.07  0.11  0.07  0.10  0.13  0.11  0.09  0.09  0.10  0.10  0.13  0.10  0.14  0.13  0.14  0.11  0.09  0.07
   5 |   5 |        1.3137 +/- 0.0033389     ||                                 1.00  0.70  0.00  0.18  0.21  0.20  0.16  0.16  0.14  0.14  0.15  0.11  0.12  0.12  0.12  0.11  0.10  0.07  0.07  0.07  0.07  0.08  0.06  0.10  0.07  0.10  0.07  0.07  0.06
   6 |   6 |        1.1466 +/- 0.0023851     ||                                       1.00  0.00  0.17  0.22  0.17  0.11  0.08  0.06  0.07  0.08  0.03  0.05  0.07  0.07  0.08  0.09  0.05  0.04  0.02  0.03  0.05  0.04  0.08  0.06  0.08  0.06  0.06  0.02
   7 |   7 |        1.0000 +/- 0             ||                                             1.00  0.00  0.00  0.00  0.00  0.00  0.00  0.00  0.00  0.00  0.00  0.00  0.00  0.00  0.00  0.00  0.00  0.00  0.00  0.00  0.00  0.00  0.00  0.00  0.00  0.00  0.00
   8 |   8 |       0.87401 +/- 0.0018488     ||                                                   1.00  0.59  0.52  0.48  0.42  0.39  0.33  0.30  0.32  0.29  0.29  0.26  0.24  0.23  0.21  0.20  0.17  0.17  0.15  0.15  0.15  0.13  0.12  0.10  0.09  0.11
   9 |   9 |       0.76475 +/- 0.0020634     ||                                                         1.00  0.76  0.69  0.64  0.56  0.54  0.50  0.49  0.44  0.47  0.41  0.39  0.37  0.32  0.31  0.25  0.25  0.23  0.23  0.24  0.23  0.24  0.23  0.21  0.20
  10 |  10 |       0.66955 +/- 0.0021726     ||                                                               1.00  0.82  0.76  0.67  0.64  0.58  0.54  0.50  0.50  0.45  0.44  0.44  0.40  0.39  0.33  0.33  0.31  0.31  0.30  0.31  0.32  0.31  0.28  0.28
  11 |  11 |       0.58678 +/- 0.002181      ||                                                                     1.00  0.86  0.81  0.75  0.71  0.69  0.62  0.61  0.54  0.51  0.52  0.45  0.44  0.38  0.39  0.36  0.34  0.34  0.33  0.33  0.34  0.32  0.31
  12 |  12 |       0.51579 +/- 0.0020503     ||                                                                           1.00  0.88  0.82  0.76  0.71  0.66  0.64  0.59  0.56  0.56  0.50  0.49  0.44  0.45  0.41  0.40  0.40  0.39  0.40  0.41  0.39  0.37
  13 |  13 |       0.45264 +/- 0.001976      ||                                                                                 1.00  0.89  0.82  0.79  0.74  0.72  0.69  0.65  0.65  0.58  0.58  0.52  0.53  0.49  0.47  0.46  0.44  0.45  0.46  0.44  0.43
  14 |  14 |       0.39782 +/- 0.0018731     ||                                                                                       1.00  0.89  0.83  0.80  0.78  0.72  0.69  0.69  0.62  0.61  0.56  0.58  0.54  0.51  0.51  0.49  0.51  0.51  0.49  0.48
  15 |  15 |       0.34894 +/- 0.0017441     ||                                                                                             1.00  0.90  0.87  0.84  0.79  0.77  0.75  0.68  0.68  0.62  0.64  0.60  0.56  0.56  0.53  0.52  0.52  0.51  0.49
  16 |  16 |       0.30645 +/- 0.0016385     ||                                                                                                   1.00  0.92  0.89  0.83  0.79  0.78  0.71  0.71  0.66  0.66  0.62  0.57  0.57  0.55  0.53  0.54  0.52  0.51
  17 |  17 |       0.26852 +/- 0.0015378     ||                                                                                                         1.00  0.93  0.90  0.87  0.83  0.78  0.76  0.72  0.71  0.67  0.64  0.63  0.61  0.60  0.59  0.58  0.56
  18 |  18 |       0.23546 +/- 0.0014283     ||                                                                                                               1.00  0.93  0.88  0.85  0.80  0.79  0.74  0.72  0.69  0.66  0.66  0.63  0.62  0.61  0.61  0.58
  19 |  19 |       0.20617 +/- 0.0012835     ||                                                                                                                     1.00  0.94  0.90  0.86  0.84  0.80  0.78  0.75  0.74  0.72  0.69  0.68  0.65  0.65  0.62
  20 |  20 |       0.18068 +/- 0.0011817     ||                                                                                                                           1.00  0.95  0.91  0.88  0.86  0.83  0.81  0.79  0.77  0.75  0.72  0.69  0.68  0.65
  21 |  21 |       0.15957 +/- 0.0010801     ||                                                                                                                                 1.00  0.94  0.91  0.88  0.86  0.83  0.81  0.79  0.76  0.74  0.72  0.70  0.66
  22 |  22 |       0.13988 +/- 0.00099599    ||                                                                                                                                       1.00  0.95  0.92  0.90  0.88  0.86  0.83  0.81  0.77  0.75  0.73  0.70
  23 |  23 |       0.12288 +/- 0.00090693    ||                                                                                                                                             1.00  0.95  0.93  0.90  0.89  0.87  0.84  0.81  0.79  0.78  0.74
  24 |  24 |       0.10767 +/- 0.00081936    ||                                                                                                                                                   1.00  0.96  0.94  0.91  0.89  0.87  0.84  0.82  0.79  0.76
  25 |  25 |      0.094779 +/- 0.00076945    ||                                                                                                                                                         1.00  0.95  0.93  0.91  0.89  0.86  0.85  0.82  0.78
  26 |  26 |      0.082983 +/- 0.0006769     ||                                                                                                                                                               1.00  0.96  0.94  0.92  0.89  0.87  0.84  0.80
  27 |  27 |      0.072627 +/- 0.00062241    ||                                                                                                                                                                     1.00  0.96  0.94  0.91  0.89  0.86  0.81
  28 |  28 |      0.063709 +/- 0.00056246    ||                                                                                                                                                                           1.00  0.96  0.94  0.92  0.89  0.86
  29 |  29 |      0.055870 +/- 0.00052389    ||                                                                                                                                                                                 1.00  0.97  0.95  0.92  0.89
  30 |  30 |      0.049022 +/- 0.00048166    ||                                                                                                                                                                                       1.00  0.97  0.95  0.91
  31 |  31 |      0.043342 +/- 0.00043804    ||                                                                                                                                                                                             1.00  0.97  0.94
  32 |  32 |      0.037987 +/- 0.00037741    ||                                                                                                                                                                                                   1.00  0.97
  33 |  33 |      0.033397 +/- 0.00035595    ||                                                                                                                                                                                                         1.00

acceptable data::
   # |   x |         value +/- error         ||      0     1     2     3     4     5     6     7     8     9    10    11    12    13    14    15    16    17    18    19    20    21    22    23    24    25    26    27    28    29    30    31
================================================================================================================================================================================================================================================
   0 |   0 |        1.0000 +/- 0             ||   1.00  0.00  0.00  0.00  0.00  0.00  0.00  0.00  0.00  0.00  0.00  0.00  0.00  0.00  0.00  0.00  0.00  0.00  0.00  0.00  0.00  0.00  0.00  0.00  0.00  0.00  0.00  0.00  0.00  0.00  0.00  0.00
   1 |   1 |        2.8825 +/- 0.011245      ||         1.00  0.89  0.82  0.71  0.60  0.45  0.10  0.07  0.09  0.02  0.06  0.05  0.10  0.10  0.06  0.08  0.05  0.06  0.08  0.08  0.07  0.06  0.07  0.07  0.09  0.05  0.10  0.09  0.11  0.09  0.08
   2 |   2 |        2.1744 +/- 0.0082314     ||               1.00  0.87  0.74  0.63  0.51  0.13  0.11  0.11  0.04  0.07  0.04  0.08  0.08  0.04  0.07  0.05  0.07  0.10  0.08  0.08  0.06  0.06  0.06  0.07  0.05  0.09  0.08  0.10  0.06  0.06
   3 |   3 |        1.7845 +/- 0.0061601     ||                     1.00  0.81  0.66  0.56  0.15  0.11  0.13  0.03  0.05  0.04  0.10  0.09  0.04  0.07  0.04  0.07  0.09  0.08  0.07  0.06  0.08  0.08  0.09  0.07  0.11  0.10  0.11  0.08  0.06
   4 |   4 |        1.5226 +/- 0.0048604     ||                           1.00  0.75  0.61  0.14  0.14  0.18  0.08  0.07  0.06  0.12  0.12  0.07  0.11  0.07  0.10  0.13  0.11  0.09  0.09  0.10  0.10  0.13  0.10  0.14  0.13  0.14  0.11  0.09
   5 |   5 |        1.3137 +/- 0.0033389     ||                                 1.00  0.70  0.18  0.21  0.20  0.16  0.16  0.14  0.14  0.15  0.11  0.12  0.12  0.12  0.11  0.10  0.07  0.07  0.07  0.07  0.08  0.06  0.10  0.07  0.10  0.07  0.07
   6 |   6 |        1.1466 +/- 0.0023851     ||                                       1.00  0.17  0.22  0.17  0.11  0.08  0.06  0.07  0.08  0.03  0.05  0.07  0.07  0.08  0.09  0.05  0.04  0.02  0.03  0.05  0.04  0.08  0.06  0.08  0.06  0.06
   7 |   8 |       0.87401 +/- 0.0018488     ||                                             1.00  0.59  0.52  0.48  0.42  0.39  0.33  0.30  0.32  0.29  0.29  0.26  0.24  0.23  0.21  0.20  0.17  0.17  0.15  0.15  0.15  0.13  0.12  0.10  0.09
   8 |   9 |       0.76475 +/- 0.0020634     ||                                                   1.00  0.76  0.69  0.64  0.56  0.54  0.50  0.49  0.44  0.47  0.41  0.39  0.37  0.32  0.31  0.25  0.25  0.23  0.23  0.24  0.23  0.24  0.23  0.21
   9 |  10 |       0.66955 +/- 0.0021726     ||                                                         1.00  0.82  0.76  0.67  0.64  0.58  0.54  0.50  0.50  0.45  0.44  0.44  0.40  0.39  0.33  0.33  0.31  0.31  0.30  0.31  0.32  0.31  0.28
  10 |  11 |       0.58678 +/- 0.002181      ||                                                               1.00  0.86  0.81  0.75  0.71  0.69  0.62  0.61  0.54  0.51  0.52  0.45  0.44  0.38  0.39  0.36  0.34  0.34  0.33  0.33  0.34  0.32
  11 |  12 |       0.51579 +/- 0.0020503     ||                                                                     1.00  0.88  0.82  0.76  0.71  0.66  0.64  0.59  0.56  0.56  0.50  0.49  0.44  0.45  0.41  0.40  0.40  0.39  0.40  0.41  0.39
  12 |  13 |       0.45264 +/- 0.001976      ||                                                                           1.00  0.89  0.82  0.79  0.74  0.72  0.69  0.65  0.65  0.58  0.58  0.52  0.53  0.49  0.47  0.46  0.44  0.45  0.46  0.44
  13 |  14 |       0.39782 +/- 0.0018731     ||                                                                                 1.00  0.89  0.83  0.80  0.78  0.72  0.69  0.69  0.62  0.61  0.56  0.58  0.54  0.51  0.51  0.49  0.51  0.51  0.49
  14 |  15 |       0.34894 +/- 0.0017441     ||                                                                                       1.00  0.90  0.87  0.84  0.79  0.77  0.75  0.68  0.68  0.62  0.64  0.60  0.56  0.56  0.53  0.52  0.52  0.51
  15 |  16 |       0.30645 +/- 0.0016385     ||                                                                                             1.00  0.92  0.89  0.83  0.79  0.78  0.71  0.71  0.66  0.66  0.62  0.57  0.57  0.55  0.53  0.54  0.52
  16 |  17 |       0.26852 +/- 0.0015378     ||                                                                                                   1.00  0.93  0.90  0.87  0.83  0.78  0.76  0.72  0.71  0.67  0.64  0.63  0.61  0.60  0.59  0.58
  17 |  18 |       0.23546 +/- 0.0014283     ||                                                                                                         1.00  0.93  0.88  0.85  0.80  0.79  0.74  0.72  0.69  0.66  0.66  0.63  0.62  0.61  0.61
  18 |  19 |       0.20617 +/- 0.0012835     ||                                                                                                               1.00  0.94  0.90  0.86  0.84  0.80  0.78  0.75  0.74  0.72  0.69  0.68  0.65  0.65
  19 |  20 |       0.18068 +/- 0.0011817     ||                                                                                                                     1.00  0.95  0.91  0.88  0.86  0.83  0.81  0.79  0.77  0.75  0.72  0.69  0.68
  20 |  21 |       0.15957 +/- 0.0010801     ||                                                                                                                           1.00  0.94  0.91  0.88  0.86  0.83  0.81  0.79  0.76  0.74  0.72  0.70
  21 |  22 |       0.13988 +/- 0.00099599    ||                                                                                                                                 1.00  0.95  0.92  0.90  0.88  0.86  0.83  0.81  0.77  0.75  0.73
  22 |  23 |       0.12288 +/- 0.00090693    ||                                                                                                                                       1.00  0.95  0.93  0.90  0.89  0.87  0.84  0.81  0.79  0.78
  23 |  24 |       0.10767 +/- 0.00081936    ||                                                                                                                                             1.00  0.96  0.94  0.91  0.89  0.87  0.84  0.82  0.79
  24 |  25 |      0.094779 +/- 0.00076945    ||                                                                                                                                                   1.00  0.95  0.93  0.91  0.89  0.86  0.85  0.82
  25 |  26 |      0.082983 +/- 0.0006769     ||                                                                                                                                                         1.00  0.96  0.94  0.92  0.89  0.87  0.84
  26 |  27 |      0.072627 +/- 0.00062241    ||                                                                                                                                                               1.00  0.96  0.94  0.91  0.89  0.86
  27 |  28 |      0.063709 +/- 0.00056246    ||                                                                                                                                                                     1.00  0.96  0.94  0.92  0.89
  28 |  29 |      0.055870 +/- 0.00052389    ||                                                                                                                                                                           1.00  0.97  0.95  0.92
  29 |  30 |      0.049022 +/- 0.00048166    ||                                                                                                                                                                                 1.00  0.97  0.95
  30 |  31 |      0.043342 +/- 0.00043804    ||                                                                                                                                                                                       1.00  0.97
  31 |  32 |      0.037987 +/- 0.00037741    ||                                                                                                                                                                                             1.00

 |         fit_name |       quality |   chisq/nDoF                 |
--------------------------------------------------------------------
e|   one_exp_tmin31 |       0.68427 |    0.17/(   2 -  1) =   0.17 | m=0.131(0)
*|    two_exp_tmin6 |       0.32475 |   25.51/(  26 -  3) =   1.11 | m=0.130(0); dm=0.385(145); A=1.56(67)*10^-2
*|    two_exp_tmin5 |       0.29408 |   27.22/(  27 -  3) =   1.13 | m=0.130(1); dm=0.287(96); A=1.73(78)*10^-2
*|    two_exp_tmin8 |       0.27356 |   25.50/(  25 -  3) =   1.16 | m=0.130(1); dm=0.380(193); A=1.56(67)*10^-2
*|    two_exp_tmin9 |       0.23921 |   25.19/(  24 -  3) =   1.20 | m=0.130(0); dm=0.421(232); A=1.50(64)*10^-2
*|   two_exp_tmin11 |       0.23692 |   23.01/(  22 -  3) =   1.21 | m=0.130(0); dm=3.474(128665); A=1.43(39)*10^-2
*|   two_exp_tmin10 |       0.21106 |   24.75/(  23 -  3) =   1.24 | m=0.130(0); dm=0.538(375); A=1.42(57)*10^-2
*|    two_exp_tmin3 |       0.20618 |   31.61/(  29 -  3) =   1.22 | m=0.131(0); dm=0.545(71); A=7.61(269)*10^-3
*|   two_exp_tmin12 |       0.20305 |   22.68/(  21 -  3) =   1.26 | m=0.130(0); dm=0.705(1199); A=1.37(61)*10^-2
*|    two_exp_tmin4 |       0.19148 |   30.93/(  28 -  3) =   1.24 | m=0.130(0); dm=0.464(106); A=1.02(46)*10^-2
*|   two_exp_tmin13 |       0.16659 |   22.49/(  20 -  3) =   1.32 | m=0.130(0); dm=2.100(40064); A=1.41(49)*10^-2
*|   two_exp_tmin14 |       0.16654 |   21.32/(  19 -  3) =   1.33 | m=0.130(1); dm=0.196(320); A=1.87(243)*10^-2
*|   two_exp_tmin21 |       0.15964 |   13.07/(  12 -  3) =   1.45 | m=-0.334(38); dm=0.465(38); A=1.000(0)
*|   one_exp_tmin21 |       0.13488 |   16.17/(  12 -  1) =   1.47 | m=0.131(0)
*|   two_exp_tmin15 |       0.13062 |   21.20/(  18 -  3) =   1.41 | m=0.130(1); dm=0.271(493); A=1.65(170)*10^-2
*|   two_exp_tmin22 |       0.10961 |   13.07/(  11 -  3) =   1.63 | m=-0.333(38); dm=0.464(38); A=1.000(0)
*|   two_exp_tmin16 |      0.098005 |   21.14/(  17 -  3) =   1.51 | m=0.130(2); dm=0.178(410); A=1.97(377)*10^-2
*|   one_exp_tmin22 |       0.09522 |   16.16/(  11 -  1) =   1.62 | m=0.131(0)
*|   one_exp_tmin14 |      0.088631 |   26.51/(  19 -  1) =   1.47 | m=0.131(0)
*|   two_exp_tmin17 |      0.080652 |   20.63/(  16 -  3) =   1.59 | m=-0.283(6); dm=0.415(6); A=1.000(0)
*|   one_exp_tmin16 |      0.068948 |   25.05/(  17 -  1) =   1.57 | m=0.131(0)
*|   one_exp_tmin15 |      0.068908 |   26.32/(  18 -  1) =   1.55 | m=0.131(0)
*|   one_exp_tmin23 |      0.066883 |   16.00/(  10 -  1) =   1.78 | m=0.131(0)
*|   one_exp_tmin17 |       0.06111 |   24.24/(  16 -  1) =   1.62 | m=0.131(0)
*|   two_exp_tmin18 |      0.058407 |   20.49/(  15 -  3) =   1.71 | m=0.130(1); dm=0.797(13195); A=1.63(84)*10^-2
*|    one_exp_tmin8 |      0.052022 |   36.24/(  25 -  1) =   1.51 | m=0.131(0)
 |   two_exp_tmin24 |      0.051698 |   12.50/(   9 -  3) =   2.08 | m=-0.338(39); dm=0.470(39); A=1.000(0)
 |   one_exp_tmin25 |       0.04951 |   14.10/(   8 -  1) =   2.01 | m=0.131(0)
 |   two_exp_tmin25 |      0.049284 |   11.11/(   8 -  3) =   2.22 | m=-0.367(39); dm=0.498(39); A=1.000(0)
 |   two_exp_tmin27 |      0.047535 |    7.93/(   6 -  3) =   2.64 | m=-0.153(43); dm=0.285(43); A=1.000(0)
*|   one_exp_tmin12 |      0.047268 |   31.64/(  21 -  1) =   1.58 | m=0.131(0)
*|   one_exp_tmin24 |      0.043035 |   15.95/(   9 -  1) =   1.99 | m=0.131(0)
*|   one_exp_tmin18 |      0.042943 |   24.23/(  15 -  1) =   1.73 | m=0.131(0)
*|   one_exp_tmin13 |      0.041105 |   30.93/(  20 -  1) =   1.63 | m=0.131(0)
*|   two_exp_tmin19 |      0.040388 |   20.38/(  14 -  3) =   1.85 | m=0.130(1); dm=1.121(46364); A=1.73(89)*10^-2
*|    one_exp_tmin9 |      0.039449 |   36.19/(  24 -  1) =   1.57 | m=0.131(0)
 |   one_exp_tmin26 |      0.038806 |   13.28/(   7 -  1) =   2.21 | m=0.131(0)
*|    two_exp_tmin2 |      0.038744 |   41.28/(  30 -  3) =   1.53 | m=0.131(0); dm=0.798(43); A=2.41(59)*10^-3
 |   two_exp_tmin26 |      0.037761 |   10.16/(   7 -  3) =   2.54 | m=-0.309(40); dm=0.440(40); A=1.000(0)
 |   one_exp_tmin27 |      0.035789 |   11.93/(   6 -  1) =   2.39 | m=0.131(0)
 |   two_exp_tmin23 |      0.030162 |   15.49/(  10 -  3) =   2.21 | m=0.131(1); dm=0.623(1097); A=9.04(1260)*10^-3
*|   one_exp_tmin19 |      0.030047 |   24.12/(  14 -  1) =   1.86 | m=0.131(0)
*|   one_exp_tmin10 |      0.029831 |   36.07/(  23 -  1) =   1.64 | m=0.131(0)
 |   two_exp_tmin20 |      0.026848 |   20.26/(  13 -  3) =   2.03 | m=0.130(1); dm=1.066(25402); A=1.86(97)*10^-2
 |   two_exp_tmin28 |      0.024574 |    7.41/(   5 -  3) =   3.71 | m=-1.79(434)*10^-2; dm=0.150(43); A=0.999(1)
*|   one_exp_tmin11 |      0.021829 |   36.01/(  22 -  1) =   1.71 | m=0.131(0)
*|   one_exp_tmin20 |      0.020893 |   23.91/(  13 -  1) =   1.99 | m=0.131(0)
*|    two_exp_tmin1 |      0.019143 |   45.60/(  31 -  3) =   1.63 | m=0.131(0); dm=0.883(21); A=1.53(21)*10^-3
 |   one_exp_tmin28 |      0.018916 |   11.80/(   5 -  1) =   2.95 | m=0.131(0)
 |   one_exp_tmin29 |     0.0083252 |   11.74/(   4 -  1) =   3.91 | m=0.131(0)
 |   one_exp_tmin30 |     0.0036647 |   11.22/(   3 -  1) =   5.61 | m=0.131(0)
*|    one_exp_tmin6 |     0.0025254 |   49.40/(  26 -  1) =   1.98 | m=0.131(0)
 |   two_exp_tmin29 |     0.0006462 |   11.64/(   4 -  3) =  11.64 | m=0.130(5); dm=3.53(3161)*10^-3; A=0.283(617)
 |    one_exp_tmin5 |    9.3169e-05 |   61.88/(  27 -  1) =   2.38 | m=0.132(0)
 |    one_exp_tmin4 |    2.1914e-15 |  129.71/(  28 -  1) =   4.80 | m=0.133(0)
 |    one_exp_tmin3 |    7.5577e-58 |  352.58/(  29 -  1) =  12.59 | m=0.134(0)
 |    one_exp_tmin2 |   6.7539e-316 | 1583.93/(  30 -  1) =  54.62 | m=0.136(0)
 |    one_exp_tmin1 |             0 | 8069.01/(  31 -  1) = 268.97 | m=0.141(0)
 |   one_exp_tmin32 |            -1 |    0.00/(   1 -  1) =    inf | m=0.131(0)

